27560
32044
23345
29696
32554
27560
31983
32078
32427
32158
31597
32554
32078
32078
31467
29696
32427
31567
32215
32078
32078
30588
27957
29696
31983
30762
25689
31983
32554
32554
32078
32044
32481
32078
30581
27560
32078
24991
31801
31467
32707
29696
32078
32313
26305
30502
32313
31596
24135
32078
32427
32078
32044
32427
32529
31983
32078
32078
32078
32427
26725
30779
31323
29198
32078
29696
32078
32078
32078
32427
32554
29696
32427
32293
31960
32078
32078
32230
32078
32078
32078
32646
31456
32427
32427
32646
32078
31360
32078
29696
24328
32554
31529
32078
32078
32410
32078
31213
28489
29696
29696
29696
32078
32078
32078
32529
32078
32529
32078
30400
32529
32078
19917
32554
27541
27026
32508
32481
29231
31791
32508
32427
32614
32078
25316
30581
32078
29696
31949
32078
28181
31467
31456
32078
32427
32427
15877
30341
32078
32529
23441
32078
29696
32078
29696
32078
22250
31467
32481
32078
32427
32313
29696
32529
32078
32481
29696
32078
29696
32078
32554
28181
31801
32078
32078
32078
29696
28986
32427
32078
32078
32078
32481
16639
32078
27609
32427
32078
32427
27786
32554
30564
30963
32078
32078
31467
30963
26773
31529
32554
29696
31586
32078
32044
32427
32078
32078
32201
29696
30247
32427
30113
32078
31801
29385
29696
32078
32044
32078
32423
31800
32655
32166
32078
29696
32655
22392
30140
32078
28181
32078
32078
32078
32681
30247
32078
31467
32078
23345
32078
32481
30247
32078
30400
32078
32078
32074
32078
32078
32044
32571
26949
32078
27597
30247
32427
26654
29561
31197
30762
25384
30247
32078
23746
31529
32078
30247
27026
31503
29696
24543
29231
31801
19419
32554
32078
32681
32655
32078
30581
32078
13136
31456
32078
29482
31372
32078
32078
32078
32078
30247
31946
32427
28735
32078
32646
32078
32427
25335
30247
25286
29231
31144
21514
31586
32427
25336
30564
29231
32078
32427
32078
31597
32078
32646
32554
32078
32078
32078
31801
27026
32427
32078
30247
32078
26138
31949
31993
31596
32078
23345
32427
32676
32078
31685
32078
32078
32078
32078
29696
30247
32078
31467
32078
29696
31577
31960
30247
32554
32078
28735
32078
31808
29696
31960
32078
30247
32423
30247
31467
23345
28964
30059
32078
31467
31509
29696
27163
32078
32481
32078
29910
29696
26305
29231
30247
29696
31529
24260
27725
32078
30570
31467
30247
30695
32078
29490
32078
31287
32078
32078
31509
31946
31800
32078
31597
32078
32078
30311
21636
32078
30059
30247
21682
31892
29610
31467
32078
32006
32078
30254
31529
23418
32078
30247
32427
32423
32078
32078
29696
32078
30247
31467
32423
32078
32078
31529
31529
28831
32078
32078
31586
29696
32078
30390
29696
31586
32427
31791
32423
32427
29696
32078
29915
31529
32078
23345
32078
32427
21980
32078
32078
31529
22665
32011
32348
32078
32554
27532
30247
32078
32078
32011
29696
30059
29696
32078
32427
32078
29910
32078
30247
32078
32078
31556
32427
26005
32313
32078
31456
31467
31892
22665
32313
32554
30247
32078
29086
26305
32161
32412
29696
32313
32764
32078
30247
32313
27957
29696
32655
31467
31586
23441
32554
32646
32078
30638
32078
32427
29696
29944
32078
32078
31597
19927
32078
31467
32078
32078
32161
29739
31614
32078
32078
29696
32427
32078
31467
32078
30341
32078
32078
25316
32614
32427
32078
32078
32078
31801
32078
29947
32078
32532
31467
32554
32078
32078
27026
30247
32078
32215
32646
32078
32078
31467
31456
32481
32646
32078
32427
29490
28698
30247
32078
32078
32078
22909
27542
29696
31456
31801
26305
32078
30247
26773
28383
32078
32481
32532
27026
21917
32078
29696
31467
26198
31313
32646
30489
30247
32427
32078
31467
32078
32078
31577
31103
30588
32606
30247
32427
31791
32427
29696
32078
32078
32006
30247
32078
32078
29231
32078
30316
27925
31467
28618
32427
32078
32427
29628
32481
32078
32078
32078
31467
29696
21514
29696
32078
29696
32078
32078
32764
20291
32554
28420
30247
28381
32646
32078
30247
32078
32078
28430
29231
32078
32503
32060
29696
32078
32006
32078
32554
21693
32078
32078
31529
27542
32078
31714
32078
22826
30247
27541
32078
32427
32078
32158
32078
32078
31510
31993
27582
29696
29696
32078
31556
31801
32078
28381
31534
29696
32427
31714
31467
31467
32423
31467
32078
32078
32503
32427
32078
32423
32481
32078
25316
30762
29696
28580
32646
22853
32427
32078
31556
29696
32078
31467
32078
32078
31529
31467
32078
32078
32078
32078
32078
30247
32554
26948
32481
32078
30247
32427
31691
32078
32391
32427
30489
32078
29696
30247
32078
32078
29696
31556
32554
30247
29696
32078
31467
31883
30502
32366
32554
32078
32078
32078
31467
32078
19947
32427
31254
31949
31866
30247
30247
31949
32427
32481
32681
30714
32348
27541
26484
32078
32427
32078
30247
30663
32391
25316
29696
31456
29696
28990
29231
32078
32427
32078
32078
31556
32481
32078
32078
32427
30059
28580
30658
31685
30570
25316
32078
32481
32313
32078
32078
32614
32427
32078
30489
31467
32078
32078
32078
30943
32503
32427
32554
31467
19927
32078
31801
30762
32541
32078
31467
32078
30352
32078
32078
32158
31800
30581
32078
32078
27541
30247
32348
29231
29231
32078
29411
20902
32078
31467
32078
30714
31456
27823
32078
32078
32078
32554
30247
32554
32427
32554
32078
32078
32020
32078
32078
32006
29944
32078
30247
29490
32078
32078
25316
31467
32006
29411
32078
25128
28381
29696
30247
32078
29411
32078
32481
32709
32427
31467
32078
32078
32078
32427
25739
32078
32011
32078
32078
29696
32078
29489
31714
31946
30247
30714
22665
30374
30247
29696
32078
30247
32078
31467
31916
32078
32078
31467
31467
32078
26905
31467
32078
32078
32313
31949
17199
32078
32427
30762
32427
31467
32011
32078
32078
31467
32078
32481
30247
32078
32078
32078
17133
20902
32078
31949
22927
32078
29411
30762
31542
31467
32078
32078
32078
27026
28381
32158
32078
32554
32646
29696
31456
30028
26196
32744
32619
25839
29549
31670
27417
30618
30314
30396
32708
25839
31067
32619
32708
32744
31439
27641
32130
31158
26060
31596
29321
29125
32451
30073
32744
26060
29480
30890
32092
31608
25372
24399
32726
24307
31969
31655
31608
27417
24776
32180
31630
28980
30314
30073
30890
26901
30912
32337
32451
26060
30912
30118
30073
28945
24776
32107
26060
30947
32102
31511
28125
32708
28332
24776
30890
30791
31499
31241
30890
31630
32451
6747
31398
29823
32180
25839
30890
29480
30314
30890
31509
25839
28861
25286
29480
26432
24158
26749
31607
26800
32180
23751
25641
31158
30890
29480
30921
32337
29823
18665
31608
30890
32116
29622
30899
28810
30890
30791
29480
24776
26502
30516
31765
32686
32619
31608
25302
26060
26930
30767
30890
25785
32102
26502
30173
31969
32451
32451
29131
32451
25839
22094
29515
31566
32619
32120
31849
30792
28945
30767
31687
30890
30890
32097
26060
31825
31326
25839
25542
30890
28707
31241
30394
25839
25761
24776
32451
32320
30388
30947
28331
32619
30890
30890
31326
30073
31997
32611
32272
31630
32107
32116
31655
24776
31566
30890
31398
30890
19035
29515
32363
28707
31566
31630
30026
32708
30073
32744
28931
27903
31643
32744
28896
21842
30012
32619
30890
31654
29408
32363
31880
28707
31753
32102
31880
30767
31765
28331
32435
32107
32451
28817
27557
30890
26060
32038
31880
28572
26103
30516
28707
32451
30791
30630
31966
31608
28945
24158
25839
30260
31161
32451
29515
24599
25839
20179
32619
28817
30890
26901
30890
32451
32164
31687
30890
30791
25261
26196
31608
28457
28841
26060
31566
27216
28980
32107
29515
30890
30618
31166
32651
32038
31825
27417
29408
24776
32708
31655
29085
31070
32619
30912
29480
25839
32651
31687
24776
20845
29408
32619
32708
29515
30890
31509
25261
19711
32651
29515
32651
30890
20242
32651
32356
30913
30767
25302
26502
32337
30208
32451
31396
32619
31643
27804
32619
29480
32107
27866
24776
31512
23751
32363
25302
24776
24346
21071
24776
26539
30767
28817
32619
28331
31997
23220
32451
30912
30030
30767
28817
31687
30912
29480
28817
27352
30668
28817
32651
32187
32651
25024
32651
31969
30127
28707
24776
30890
32451
32619
26930
23309
31158
30912
24399
18670
32602
24776
32363
30947
31398
30260
24776
26938
29480
28945
30890
27302
23751
26727
29560
30912
25641
32651
29480
32438
29515
26060
28103
31880
31161
32651
26612
30890
32619
29515
30763
31986
26340
30767
31596
29065
31398
29515
30912
30118
31849
30912
31687
31415
25937
26502
32429
28951
26060
29933
31969
23220
29515
28499
32103
28707
32651
30890
28331
28951
30890
30618
31509
32103
32622
30912
30885
32296
29933
24776
29480
30257
30791
28707
32651
28974
29085
26060
25785
30890
25080
26901
20851
31753
29480
24776
32363
21993
31070
28817
27402
27302
29480
29566
32651
30947
29480
32451
30890
26196
31070
32651
22301
32651
18016
31683
25338
25575
32103
30890
32302
24776
24158
27880
31236
32619
32651
31596
30890
31158
29480
31566
30890
32623
28331
32619
25032
30657
29291
29564
32651
26517
26901
30947
24154
27590
29859
26517
30885
31880
31880
24976
31158
31822
31849
26517
29480
30890
32103
32038
31479
31596
31683
30890
32651
32744
24303
31997
24776
31671
30618
27557
25080
24776
24326
32107
28817
28039
31654
26472
30253
32619
21343
32622
31623
26642
31398
31745
32634
30260
26034
24776
25080
30786
31643
28717
30890
32302
32619
31963
30890
29933
31825
19488
31596
28455
26959
32651
27417
28331
27880
24776
23751
32337
29480
27305
32619
32651
24776
27909
31995
31979
32744
32451
32619
28817
18693
32619
31236
19196
29823
32116
32619
32337
30890
27302
27557
27024
26641
24776
28499
31986
28838
27928
31236
31630
28974
30792
30890
31566
24776
28896
31236
31398
27377
31687
21706
31683
32619
31880
31236
24399
31607
29480
24776
32744
30890
32187
25261
26255
26901
32651
30912
30618
24399
30890
31849
18670
30630
20888
27614
28896
32107
32744
32744
27880
23309
30763
28974
30630
31492
32557
27377
32651
30890
29480
26060
23220
29515
31997
32619
31236
26060
24399
30912
30890
26060
25080
31236
24776
28499
31753
29778
17462
26800
31236
23148
26727
32369
31849
31039
30890
29300
30618
31608
31687
26901
29102
30890
31880
31654
27305
24776
24399
30618
31745
32744
31781
31398
23751
30618
28331
30618
30890
31781
30301
31553
32701
30618
32107
31997
23958
32187
31553
31995
31236
31553
31553
12849
26901
31586
17462
24299
31553
31630
32744
31553
30890
30890
26579
31553
32337
31849
32116
32744
29200
31236
31236
31413
31895
32164
29997
15657
32619
32107
28896
27305
23030
32107
32651
32622
32187
32085
31553
31849
32651
28896
31553
31553
28572
32651
32337
31623
32337
28896
31553
31553
32038
25785
31553
31553
24399
31553
30792
31553
31553
31553
31553
31553
31553
32172
21565
31553
31630
19963
32708
32085
31553
31586
23922
31553
31553
32619
31553
29515
29870
32103
31630
29564
32651
31553
31247
31630
30536
23751
30947
30301
31553
20888
25261
32187
23999
32651
32451
27468
32619
29480
31630
31553
31553
26517
19906
31553
19812
32337
31553
31553
30890
31553
32103
31413
25785
32619
28817
28435
17462
32164
31553
32619
31481
31553
31499
32337
31553
26349
31553
31553
31553
31553
31979
31398
23144
31553
32337
29560
24428
24399
29480
24300
32619
27024
32619
31553
28331
31553
31553
32651
29480
24328
27417
31553
31553
32651
29480
32102
31553
32708
32651
31553
31781
29691
32107
32451
30657
31553
32107
31553
31997
32651
32085
32356
31553
31553
32651
29560
28974
32451
32619
31553
31753
29480
32651
30536
20789
30792
31655
32744
25080
31849
31553
30912
31553
30960
31781
29678
31236
31553
32451
32164
31553
29713
31553
31553
32619
32493
31553
31553
24399
32708
31553
31553
31553
30763
25575
28760
31040
31630
31553
32651
32619
25688
31553
30912
31553
32651
28435
28970
26901
32337
26049
31553
30777
32337
31553
26930
29713
32085
32451
27969
26049
32651
27387
31553
31553
21315
31289
31553
30618
32651
26901
31997
31236
32337
31553
31687
31553
32107
31553
31553
30792
31236
32708
30544
31553
31553
32708
30196
32107
27302
32415
32557
30921
31553
31553
32103
32619
26432
31553
32651
32337
27387
31553
30012
32337
25785
24569
26034
31553
31553
28626
26060
28039
32651
31553
31553
31553
31586
31849
29480
21315
31654
31687
32619
31586
26034
32533
32451
26049
31553
20406
24303
31553
32451
32103
31553
27302
31781
31553
31553
31553
32451
31687
31553
31355
28817
30396
32708
31553
32107
32107
32651
32651
32103
32651
29480
31553
31596
28134
30912
31040
31553
19961
21393
31553
31553
32187
31236
31553
25352
31586
32744
31997
32451
32708
31781
31553
31553
31236
32085
32619
31553
32107
20740
32651
31398
31643
31236
31553
29480
32533
31643
29480
25641
31608
31553
32619
21564
24328
28435
31825
14803
30447
20179
28817
31553
26049
31997
31553
27748
32651
31553
31553
32651
32744
31553
32363
14667
31553
31553
32651
32107
30618
32164
32619
31553
31553
30912
31553
31553
29672
31553
32651
31553
26612
30816
31553
23958
31553
31553
32451
19153
28817
30792
31553
27666
25080
29480
21315
31553
31997
28980
31553
32619
27302
31553
31553
22436
20048
31553
32107
28817
31553
31553
31250
31553
31553
32651
30618
28974
31553
32651
23958
31553
32187
30792
30912
28817
28435
30912
31553
25261
32107
25352
31553
31586
32651
32708
17956
32622
30122
31553
31327
32103
31553
31236
31553
31070
31963
23030
32107
27387
32744
29571
31553
32619
31553
31553
31158
23958
30792
30912
32651
32651
26772
31553
30260
32363
30912
31849
29480
15720
32651
32107
32651
31553
31553
26612
28968
32107
29960
32619
26060
31553
31553
31553
23997
31553
32708
32651
0
31995
31553
31553
31553
26452
27866
31553
31553
31849
31553
31765
31586
32651
31553
31553
31963
26060
30752
28817
21387
32107
31553
31553
31553
28272
31553
31553
31553
30260
29564
32651
25352
31553
26196
31553
31035
31040
31580
25272
26643
26049
31553
31553
25641
32107
27228
32651
32619
30752
31553
32557
28288
31553
32732
30792
23030
31840
32651
32164
31849
32651
32651
31553
32103
26049
31687
31553
31963
31553
29480
31553
31553
31553
32451
31553
32651
31553
32387
25352
31553
31566
31394
31553
29237
22528
31825
28618
31655
31553
32107
32103
32103
31553
32651
29691
30460
32686
31553
21565
32651
25093
29578
19711
31553
31880
31553
29622
31553
14446
25785
30189
29422
23751
31040
32691
31553
31880
31553
29515
29515
30058
31553
31553
31963
32451
32619
29657
31553
31553
32107
19035
29515
32619
25261
31553
27666
31264
32708
32651
25761
32619
32103
31553
32619
32619
31825
29237
31553
32651
30618
31553
32651
32651
31236
28331
31654
32651
31765
31553
5869
31553
32651
32619
31553
28176
32744
31553
31553
31997
32744
30912
18380
31553
30912
29480
25352
31687
32651
30058
25208
21315
31553
30630
31553
29672
31553
26499
30058
31553
29480
31553
31553
31040
32544
32130
31553
31553
31289
31236
32651
29778
31687
31553
31553
31553
31553
29480
31553
31553
31553
31586
31553
31553
31553
23030
28435
31566
29480
32651
29515
31553
31553
31553
30752
31553
22158
31553
31249
29480
31236
31289
32092
29097
28331
32651
26049
32619
31236
30439
29947
31631
32386
31631
31481
31683
27666
29947
28328
32619
32651
30191
32331
32451
31691
30058
27666
29065
30643
25208
31249
30912
26049
29947
31236
29480
32732
32732
31997
29480
27387
26901
29622
32691
30777
29947
29480
32138
32651
27909
30618
27353
19711
32619
30899
26049
32451
29947
29947
30960
24607
28947
27542
14531
31580
28817
31327
29947
31966
30630
29491
25352
29997
32744
29947
25352
27281
31691
31586
25352
28817
28229
29947
30965
32651
29480
19313
26835
32187
32619
32451
31687
32602
31236
32619
27417
32634
30618
32266
32107
32744
25785
30965
29947
29691
32744
32623
30813
32651
32619
26049
31236
28331
31040
28817
29947
29691
31249
31997
24300
31236
32451
32619
30747
29947
26835
32651
30260
32651
21564
32651
31566
31997
24320
31963
32651
32386
27302
30191
31236
32107
31536
12279
32651
24163
32363
18318
30058
30752
26883
24947
31880
32454
24428
29947
32451
29870
30792
29947
29515
29677
31305
31481
32107
32107
29947
29947
31880
27666
26196
29947
29560
31300
27542
30885
29947
32651
26432
23503
27557
30885
29947
30618
31236
30082
31753
29181
30257
26712
31536
26060
32107
26984
32651
23030
32651
32107
32107
18318
29560
30260
30752
27468
27387
32708
32187
31966
30786
32557
31041
31236
32187
28817
31035
24607
29148
26901
24057
25352
31236
30618
25352
31655
31305
29560
26603
30058
32651
32651
29947
30260
32651
25261
29678
24063
32387
32651
28125
27004
30792
26901
29947
27387
14637
32042
29039
31035
30058
31566
27387
30752
29125
19711
26049
26049
32164
26049
29515
31040
29947
26712
27599
27387
31687
32651
32029
30816
27695
24428
32138
30058
31040
18318
31607
32107
29422
31398
32651
28672
32107
29933
32419
31586
29947
25261
31398
31070
32544
31236
31035
25272
32164
31040
29947
32107
32691
28039
29947
32634
32705
31499
32651
29480
29947
31241
31327
26127
26049
32451
32454
29947
32107
29480
30569
28817
25395
32451
29272
20325
28450
32451
25261
31355
32744
31849
19711
32107
28435
29525
26049
31241
32126
31264
29947
29947
32651
31566
29947
32451
30260
30569
30087
32651
32651
31236
32107
31580
31040
26603
29564
31236
32029
30792
31849
31687
29515
29947
29947
32187
24326
30082
26712
31687
32691
31849
31035
32623
31655
31236
29947
26049
28817
31586
30965
31586
31398
25261
29947
27666
29947
32038
31236
28817
29947
29480
29480
32038
27024
31687
29947
29947
32029
32029
31236
28717
25352
25785
31236
30569
29672
31355
32651
29947
31849
32372
27962
29947
30058
29947
32744
30058
31236
32469
32691
32651
28817
20789
30058
26049
25352
29480
30569
32102
30777
30763
20605
32705
26224
32651
29480
30111
32651
18214
31687
29549
24320
28435
29582
32651
29947
31236
31040
31115
32107
32029
26835
32164
32454
29515
32029
29582
29582
30257
31236
29582
27228
30012
32651
32651
31691
29480
31236
32651
30122
29582
30569
29582
31880
29947
31040
29582
32651
28039
29582
29582
29578
32651
32102
32651
28846
29582
30257
29947
32295
27305
29947
31849
31041
31236
31236
30792
31654
27264
30866
32296
31040
31880
32451
31580
27860
31586
31040
32651
32386
31236
32651
29480
31963
29947
32451
31236
29582
32029
32107
32651
31683
32469
32451
28139
31608
32042
29582
30763
32651
31236
29582
16470
32623
30012
31586
31236
29582
30362
30747
31586
31586
31849
29582
20043
28328
32651
29684
30519
32126
32634
23030
29684
24052
31206
29582
30260
32386
32623
29947
30102
30816
31171
30199
30747
28980
32469
29582
29947
29582
32651
32038
22828
31070
31070
32651
31592
31849
26901
29582
32102
28435
30775
31206
29582
29582
31592
32451
26049
30747
29582
28817
30792
27387
29947
29480
29947
32454
32744
26603
30093
32651
29947
30082
29582
31592
31592
29582
31621
27387
29947
30643
29657
31592
30569
29582
29947
32107
29947
32744
27790
32029
29582
32744
31592
24052
32651
30362
7682
32623
29672
32469
32651
25688
32701
32651
29947
32029
31966
29480
27387
32107
30933
32102
24399
31592
32138
29582
31076
30356
32102
12307
32651
30093
29582
32454
31691
30866
32187
29582
30030
28817
31592
29582
24526
29480
32138
29582
30965
29582
23503
29947
24399
29582
26049
29947
29947
32451
31592
31592
31592
32651
24428
29947
32042
32164
29582
29947
29947
31499
30093
31745
32623
23030
32651
32451
29480
30792
29947
29947
32102
24428
29582
28980
32651
29947
32651
32451
32451
30450
30777
31849
32651
31070
32107
32372
30569
31566
29947
32651
29947
30191
29451
31566
30257
31070
31566
29582
31171
32651
29947
30569
29947
31592
32705
29582
30752
32732
31096
32029
29515
29947
31678
32651
32372
26049
29582
30569
31966
29047
31592
32274
32651
32651
31865
25080
30026
31691
29947
26049
32408
32102
32701
30569
30569
29691
29582
30093
31678
26901
29582
31592
25372
29582
32038
30866
31614
27500
29515
30082
32623
29515
29582
29582
30093
24399
30752
27909
29582
29480
31249
29947
29148
30208
30093
29691
20034
27500
29582
30093
32651
26049
31070
31592
30865
32651
30082
29947
32651
32038
32102
29582
32651
32408
29582
30654
29947
29657
32454
28229
30115
29947
32408
29515
30093
32038
29582
29947
31785
21940
29691
29947
31880
29348
29348
32029
29947
31691
32386
32469
31592
29047
29582
27500
30569
32102
32107
29272
29582
30569
32651
30093
32651
26603
30866
29947
24428
30030
26534
29582
32651
27387
32651
32651
29480
31592
25785
29947
31691
32408
30386
27748
29947
29947
32138
31566
30093
31687
29947
32107
32164
31592
31041
23030
27500
29148
31347
30792
29582
30960
30752
29582
32451
32651
31249
32651
29379
31691
24052
30189
29582
29947
32295
29582
29582
30752
29582
29582
31849
32451
32579
30569
31573
32451
30569
30093
29947
29944
28760
26049
31398
31785
29657
29515
32107
29582
30111
30093
29582
32651
25080
32102
31409
30644
31398
29480
24763
27500
31478
30752
29947
30866
29947
29582
30030
31592
32408
29947
27500
30302
30635
29582
21863
32295
29582
29480
31745
32408
31687
29582
31250
32187
29582
30302
29947
29582
31608
32579
30752
31614
29582
30356
31592
28435
31409
29947
29955
30012
29582
31592
29582
31608
32029
30191
31070
31691
29947
29582
29480
30866
30104
31997
29480
27500
30093
31592
29947
30747
32651
31592
32408
27987
29582
31614
30205
31409
31691
29955
31592
29582
31398
31592
32386
27500
32102
31478
29823
29582
30792
20789
30093
32451
31566
29582
32451
29582
31249
31409
30093
19631
31592
32336
25266
29582
29480
31851
31966
31592
32451
30569
29947
29582
23562
29947
29582
30747
31880
29582
29947
27903
30866
29582
31592
30569
29582
29582
29515
29878
29955
32705
32451
24428
30569
30569
32187
32138
29582
32029
29947
30472
30747
31592
30569
29582
29947
29947
30087
30082
29582
30747
25266
32187
29582
31997
32579
29582
30569
30752
27500
30763
29480
29582
29582
30777
26603
30866
30866
29582
29582
28736
29947
29582
31592
29582
32451
29582
18786
30082
30866
31614
29672
30205
27302
31691
29760
31687
29582
30331
31687
31592
31687
31505
30115
30792
29928
30417
31608
29947
31592
31035
29582
28717
27714
29582
32701
29235
29582
29582
30082
31041
26603
31592
28945
29947
31409
29947
32038
31345
29582
29582
29823
32212
29947
31592
30752
24607
26049
29582
18786
32295
29997
29997
30792
25266
29582
32165
24428
30866
31566
32165
29947
31076
31592
29582
31326
29582
31398
29947
32102
30747
27388
28328
29947
29947
30302
29947
23030
29560
31592
32107
31687
32408
32295
26049
32451
31614
31997
29582
30517
32029
32387
29947
24428
32451
30933
24052
29582
32451
32408
30910
29582
16840
32029
32107
30189
32386
29348
28466
29624
29947
31592
32138
30331
29582
31592
30302
31592
25266
30777
29947
32469
30964
29582
29947
25266
29582
29677
28681
24399
24399
29582
31966
31592
21010
31691
29582
24399
32212
29865
31645
32451
27387
29947
29582
29582
30792
29582
32469
29582
29582
30747
30792
29582
31592
30752
32348
29582
29947
30386
29947
32408
32348
30569
31171
29823
31566
30205
29582
24766
29947
29947
31398
30417
29947
29691
32408
31171
31155
30205
29582
30205
32386
32408
29659
30302
31691
24607
29624
32451
30752
16489
31592
30569
20888
29582
29582
29582
31398
29582
30302
32451
29947
23341
29582
32451
30752
31608
32107
31777
31592
30302
31592
30464
29624
29947
32029
32348
30569
29947
31758
30747
32579
32102
27666
31084
29515
32107
25266
30752
31687
30569
31070
31683
31179
32451
32408
29998
24399
32451
30747
29947
32102
20789
25266
31784
25986
32451
29947
31687
29947
32102
24399
30302
29582
30302
30752
31592
30977
31753
31592
29582
32408
29947
29947
28229
23228
31578
32041
29582
31687
29947
31745
32348
31691
29582
23030
29582
32029
32387
29582
27309
31345
29624
25785
29947
26586
29947
31034
29947
29624
29582
29947
30569
29947
29947
29582
30569
31034
28466
29947
29582
24399
28681
29582
32451
31592
18271
29947
25977
30302
23030
28945
29947
29582
23030
27958
24399
32107
32732
31409
24428
26603
29582
30302
17577
31171
31084
29235
30302
27387
32451
28769
32451
32408
32408
29582
32102
32102
30752
31966
29582
31691
29582
29947
29947
30260
32348
29865
31160
30569
23030
32038
30302
26603
31592
27302
22313
26849
29947
22313
30752
32107
30747
26359
29947
27387
28717
28734
31765
23569
30569
32031
32451
28197
31264
29823
32579
16895
29947
32451
31966
32705
32029
29624
31592
29947
30302
29878
30569
29998
29522
29998
20528
29087
24399
22499
18755
23030
25266
29522
31338
29624
29947
31687
32451
29624
32469
25266
25266
31345
31683
32141
21653
29522
29235
24300
24399
32438
31592
32732
31608
29947
29885
31070
25785
21653
30792
24692
32107
28773
32451
27500
29672
32348
29624
21010
32290
31070
26887
32386
31201
30792
29348
27909
28399
27162
29235
31206
27387
32380
29515
31592
23030
26058
32451
29947
29947
32386
28980
25266
30260
31691
31201
29672
32766
29947
23950
31592
16895
29947
31687
29947
29835
30635
30538
30752
30205
31592
31478
32451
32451
28980
31084
32451
25266
31578
29522
25266
32438
31338
29672
23728
31155
29007
31960
30260
28104
29947
30792
32579
25266
28736
29878
31409
29522
19368
26603
27117
26612
32038
32408
29947
24854
26972
30569
32701
32040
29087
29947
31041
31966
29624
31758
32102
31592
29732
30569
20179
28435
31592
31084
31691
31608
29947
32408
31070
32107
30910
32107
29947
30397
29947
28736
31745
32451
31171
31592
29522
20528
29522
31592
29624
25266
31592
27738
25372
30260
31687
27302
29947
30569
20789
32451
27695
29624
32029
23030
30752
31592
31687
19906
31329
31687
23030
32029
29522
29947
31691
21937
23950
13258
32102
29624
28466
29947
27010
31592
29947
32579
20382
32469
28442
30654
32029
31084
32451
32408
24399
30752
27599
25199
29672
29424
29947
29310
29947
31608
30569
30302
25266
31966
29560
31586
32029
27557
25250
32451
27909
25266
31592
23751
32386
29624
27302
25372
31249
31608
20579
29624
31745
29522
25372
25832
29947
29947
31683
30643
32107
30302
29947
23030
29947
31928
25266
31084
29947
29235
28229
18003
29947
31143
24052
24399
25977
25266
29947
25266
28399
32469
29624
28442
32042
32386
28776
32029
32031
29840
32451
26668
23030
29947
19906
29947
32451
29865
32408
29947
29522
31592
29947
31592
25266
29947
29348
30752
22736
29865
29746
17112
31034
30752
25777
29947
28249
23030
31691
30747
25977
32042
30654
29947
24706
24399
19054
30057
23569
30643
29950
32348
32451
32107
29947
29947
30643
31614
29522
32102
23144
31592
31070
31966
23228
31592
29235
27352
29732
32029
31848
21863
29624
32121
24235
32102
29624
32348
19645
24489
24235
27414
29998
16511
27666
30302
32031
30302
32469
30569
20528
31691
32469
19818
31592
30492
23889
30302
26827
24399
22528
24235
30569
28134
28435
32348
30910
23030
26887
30302
31592
31928
32750
27309
30792
31592
24052
30082
29235
28435
31398
31338
31409
31880
24952
31592
32408
31084
30302
31409
28435
30792
29522
30102
23030
23394
30777
24399
31566
31338
29624
30752
27414
23312
28489
27557
29522
31691
24321
29624
23950
32451
32451
30111
30752
28142
32451
24235
31691
30337
32348
28435
24235
24814
32284
32164
31409
26849
30337
22878
28435
30082
22528
30337
27414
29522
29560
31570
31691
30260
30910
30643
16895
28489
31035
26131
29451
27414
27707
32451
15997
32451
28115
32705
30337
24489
27644
20528
26263
31691
17112
23248
28734
22878
32348
25862
24235
32002
27707
27387
32469
27707
30082
29439
31783
32408
29302
32408
30337
31687
30337
32029
32029
32029
32284
30302
31084
27414
31031
30479
27666
31171
29232
31409
30257
30082
26912
31155
28734
30569
30337
27666
28734
32732
30964
26263
32469
26887
32029
30337
31927
30801
30747
30569
29865
31687
32029
23394
29935
32284
30849
31691
30337
25168
0
30259
31992
27414
28319
28613
28984
29522
28489
30302
29624
29624
23341
31084
30272
29624
28613
29624
24399
32469
28489
25777
26263
30337
30111
30337
25781
29624
27644
30752
32348
31808
26024
30747
30302
32386
30337
26603
28613
30337
30569
29522
32451
25832
24052
24235
30302
19631
28613
30792
30337
32284
30260
23030
23451
27707
31911
31911
27300
29657
26263
28466
27903
31808
27707
27707
32284
32102
31808
30337
31960
32451
30302
31034
28734
32348
32579
32348
31398
19905
19906
27707
30763
27414
22528
31681
32386
21474
32495
29235
32042
31911
32451
30111
25372
23248
30792
30337
29312
31409
30847
28613
32621
30569
28613
26603
29235
27414
30337
27825
30337
29235
24235
30337
28734
27302
29522
30337
20119
31338
30337
26736
25250
23427
31338
31966
28613
20628
31992
24235
29624
30337
24038
30857
31338
30857
26272
32451
27114
27414
30337
32031
28858
27707
29624
28421
26272
1750
31566
32451
26712
27077
31409
30337
20693
25832
28613
31338
32040
26603
27707
29778
30337
25575
26263
20693
31911
24235
30337
24052
29624
26263
29451
28613
30337
31460
28613
32451
25250
28613
31035
31880
30302
31745
29624
31691
29312
31345
31645
28489
26603
29950
27414
29560
32042
26912
23427
18370
32451
27476
29235
27707
28007
27414
23030
29522
20672
23569
32408
29717
22528
32451
30569
31076
20528
31911
29746
30569
28007
31927
32386
32732
27414
32451
30792
30747
25372
30472
31338
32038
31409
27302
32284
28489
28319
30337
30111
23427
27118
28613
32469
32408
32621
32273
31034
24399
30337
32636
25372
32469
27906
31758
32031
27302
31960
29560
29560
30337
28613
31566
28853
32386
29312
31691
27707
28489
31326
23030
30360
25168
28613
31586
30337
24399
30792
28489
32557
31911
25777
27414
31736
23316
31171
31851
25977
25777
31566
30337
26586
29522
25977
30337
27707
24235
26263
30337
26712
31714
24300
24235
31460
31498
30337
30899
32708
27414
31911
31409
27118
27707
32191
24399
30337
29624
30360
30752
30569
25168
30302
32102
27387
25777
31691
23030
32165
28992
31409
30302
31691
31911
31409
31880
30337
32451
31155
28643
31848
31242
31691
30747
24399
30337
31249
18370
32708
30337
29040
24399
30521
27628
32040
31966
30111
30247
31911
25372
29945
28643
27779
29945
32408
29950
29945
31691
27628
30752
24235
27707
29945
32451
28007
28734
30260
30464
28613
29945
29169
31808
29945
28466
30386
30752
24235
30229
21350
32386
32031
31070
32408
31808
29945
29396
27010
31691
28942
31745
30337
32240
31586
30337
31966
29172
31736
28942
29945
30569
29945
30302
29945
24938
29840
31035
31691
30752
29945
30337
30569
31683
28942
21428
31409
23286
31911
32387
31687
31409
29945
32212
30337
32615
24235
29945
30337
29302
30777
32408
32408
29945
30258
30205
30569
32621
26751
29677
28489
29945
30302
31736
30337
32408
31808
32451
28942
32615
27906
29950
27302
31409
31691
28734
32469
29945
28992
30337
29945
30337
31409
25777
30337
30143
30337
20888
32031
29945
31851
30337
30260
31249
32451
28489
15046
31911
29945
29624
29945
30752
30337
29945
28734
24235
32380
16130
30337
29945
31161
31911
28734
29945
28489
32451
24235
30337
31966
28287
31927
32495
32408
27417
32451
31745
31880
32469
24300
32387
29945
25440
28942
30849
30302
31687
24235
30360
24235
32068
24828
32634
29950
29624
31409
30569
28171
31736
30510
27564
29945
28171
28007
30614
28942
29624
32469
30260
31409
29945
26100
28489
29945
24235
30849
28942
32408
29945
17373
31745
31467
30752
29945
24235
31911
30337
30337
26534
29945
30337
31848
29065
32469
30337
28613
30337
32615
29014
30792
31536
32031
31911
31039
31460
30752
31808
31736
31691
30747
29945
28489
30337
30337
30345
30792
31687
29945
23735
31966
31566
31566
31805
31259
30337
31880
29945
30337
30521
30337
30058
29396
28942
30337
28942
30337
30337
30720
17004
31012
29945
22262
29544
24235
32493
24235
30849
25395
25575
30260
28734
32386
32284
30337
25250
28351
30111
31691
29040
32621
29945
30337
28942
28734
27414
29624
24828
29945
30337
31547
24828
31736
30337
32579
30337
28489
31691
29945
29945
30337
31242
19016
31808
32031
31155
30337
30208
30337
29945
29945
25314
32469
32408
30337
30539
23030
32348
30896
31966
28410
30337
29945
32615
24235
29945
29945
29945
30867
31808
29396
28042
30337
20628
27500
31736
31736
31171
24235
28942
30569
32042
24828
30569
30337
29945
21189
32615
32408
30752
29041
32615
32386
31409
24828
28643
29945
29945
31569
28734
29945
30783
31736
27414
31911
29945
25004
30337
24828
31911
29778
28351
31681
30337
24828
29945
26612
31880
32387
24828
29945
30337
28171
32419
29945
31691
29945
29677
30260
30337
31566
30337
26712
30360
30302
32408
25137
30337
30337
30792
24938
28466
29945
30012
28734
26751
28942
30792
30337
31687
28942
29945
31472
29945
28942
29945
28351
31966
22390
27302
30360
29945
31035
31076
30396
29945
28992
29864
31249
32621
30752
28942
30792
31736
31249
30259
30752
29945
24631
31736
29945
25761
28992
30111
31687
28284
27414
32408
29945
29945
29945
28942
30849
25855
30242
30302
29778
27805
29945
20528
28171
27323
30242
29522
28942
28942
31249
29624
29945
29945
31745
18116
22499
18399
24399
27119
32284
28942
29945
31687
32287
32386
31570
29041
30260
23427
29945
29870
32240
24235
29760
31398
27598
29950
29945
32386
31736
31784
30654
24828
28734
30205
28410
31645
30792
32386
29522
32191
30260
30111
29193
25365
27119
29950
29624
28171
27119
31736
25087
20820
32408
31076
30242
30012
28942
31171
29624
24828
32372
30601
32615
31283
32240
29041
27805
24938
31911
32408
28171
27779
25372
32408
28671
26460
27452
30345
24621
27805
28942
32348
24399
31586
23132
28171
24235
28319
28734
28942
20146
31076
29753
22186
23030
31736
29624
27852
29522
31911
30792
27500
29037
21566
24828
27476
30396
23609
31687
29522
30208
27414
27119
24631
30791
32408
24828
31966
31992
28410
25862
32615
32380
27898
28942
30258
28942
28490
27852
32621
23030
31250
31880
31736
24399
29559
32386
31736
30492
29041
32273
28942
28734
24235
31242
32387
16504
29624
30302
30538
24399
29522
27898
27402
27119
29522
24399
29522
29760
32191
29014
31736
31736
32732
29156
28851
28683
29193
24399
27119
23296
28942
26603
21428
32386
28734
28693
27119
30302
31736
31736
31736
27119
28734
31784
31171
32615
28822
25761
27852
28942
31709
31736
28769
32469
29522
30302
30791
29753
27414
26766
28489
31736
32031
27353
31736
20146
31911
31736
31736
28410
28942
32408
28410
29522
29522
32615
32284
24828
31911
31808
28942
16504
29424
31682
28693
29624
29624
32550
28466
32387
32550
29302
29522
28942
30573
30302
31084
27119
31682
32386
29865
30242
26766
29522
20528
28171
27119
27119
28643
27119
28171
27906
28942
25372
30247
24828
24828
25314
32408
32550
24235
19702
32273
29522
31821
30573
29522
30752
31911
24235
27852
29041
32408
31586
29041
32386
31736
24822
21564
32615
28171
32469
30302
29677
32550
31911
30111
27024
32550
31398
27353
30302
27852
27714
30302
27119
30752
26887
30752
29840
28734
32191
32042
12152
26100
30479
28489
28171
30644
29041
28851
29760
32386
31992
32386
31736
28734
26401
32273
31966
27119
31736
32550
32206
24938
29624
31808
29643
30654
30614
30650
27119
32550
32348
29803
32287
31911
27825
24828
32615
30883
32216
30098
30982
32216
25617
32607
29563
28163
32488
28040
32216
32216
29622
32216
32763
31131
32373
29758
32414
32216
32216
32425
31364
29563
32607
28642
23241
32373
23106
29563
29563
26293
30427
31862
29563
31289
32378
31445
31862
32216
28711
31267
30081
32216
31653
28711
32014
32607
29563
32607
32605
30491
31862
31106
31859
29563
24131
32216
31095
31892
31339
22198
32500
30231
32587
32216
23252
30935
32432
32435
31167
22595
32079
32216
30128
31084
32373
31862
23855
31542
32216
32373
26899
32611
31862
32373
29563
27419
32440
29563
32059
29563
20122
32216
24542
32373
32478
32216
29389
31232
24805
32216
30999
29563
29563
28711
28163
29563
32216
31862
29563
31862
30315
28711
31862
31616
21507
23136
32607
31752
32440
20242
25365
32077
25568
29652
24580
31308
28711
32036
32440
30611
28311
30768
32719
32593
32216
23777
26567
29358
25977
25568
22198
29563
31270
26196
28711
31009
29563
29140
31460
31862
31081
29563
32216
31232
32373
32256
31230
29432
21665
32373
29563
32216
32216
29563
32216
29563
32216
32216
31267
31922
31232
32353
31862
31862
32373
32216
29563
31605
30319
30768
26899
29563
32216
28992
32373
32497
32216
31611
28711
30437
7686
28642
32216
31908
32216
30892
32216
30929
27944
31996
30288
31892
29563
32245
22586
32353
28040
30707
32451
31131
32216
21478
32216
31862
31862
32216
31862
32440
29229
32435
20145
28711
32216
29563
30611
29140
28711
28163
31611
29563
32216
32373
31267
32216
32007
29140
32216
29798
32216
32216
29563
32114
22198
31289
26804
32216
29375
32434
32216
32216
29460
27439
23485
30611
28711
29563
26833
31862
23622
26841
29622
31220
29563
28711
32216
29516
32216
29563
28163
31862
32451
31092
30085
32216
30231
31752
32216
32216
30640
23252
32597
30768
29563
23106
26216
32700
32216
31996
31621
29563
30568
31862
32373
32216
30163
28210
30768
30071
32216
29965
32569
29652
32216
32216
29140
32216
32216
32216
32414
32184
31191
30071
29563
32212
32014
32216
24347
28600
32451
32607
30797
29140
25568
32216
32593
28632
29048
28810
32373
29563
23653
26040
31862
30708
31942
31191
21065
29820
32216
32216
32216
28311
22198
30568
32216
31630
32545
32700
22645
32479
22586
32216
30687
30231
28704
29568
32435
27898
28680
28711
23485
31621
32500
24580
32373
30028
29563
32216
23106
31191
32672
29563
30057
31081
32248
32607
32607
31267
32216
27402
28600
21306
31289
32216
29563
29790
31862
26756
30231
29563
32216
32216
29997
32216
30611
29563
28610
32216
31084
31232
24559
29688
29563
29563
29563
32607
31092
30611
32216
30288
28526
30028
31542
32607
31445
30071
31159
24990
31862
31604
30768
29563
31862
32500
31908
30536
32373
32216
31484
30688
28636
29563
32373
31752
32216
32216
29371
32607
29563
28711
27524
29563
32607
31220
29563
31862
30163
31851
30438
32607
27524
28163
29365
30231
32216
31752
31996
31159
30081
32373
32216
29571
25785
32216
32386
32216
29563
28934
29563
29563
30324
32216
32373
29563
24647
32216
32425
31081
24202
31533
28191
31289
31862
24024
30090
29571
32607
26682
30726
32216
28378
29058
32397
31095
30071
25617
32077
32216
32216
29563
32216
27779
28782
30818
32248
32216
30726
31111
32006
29563
32607
29563
24542
29563
24221
32373
25568
32216
24090
29563
31836
31621
32216
29139
32216
32216
31850
32216
24542
30085
29643
25869
24347
32397
32435
32216
27189
29563
32216
31795
26567
22198
32216
31110
32216
28403
24527
21163
29563
32216
29563
23485
29563
29563
28642
22198
30231
28711
25840
31833
32672
31230
32728
32216
29845
30744
20191
30446
32451
30781
29754
32672
31106
31434
32216
32450
31267
32216
28711
25864
31862
32216
31862
31559
32216
31752
31267
31267
32373
32216
29571
22501
28711
30768
29145
32373
29563
28711
32427
31862
30464
32216
31862
32036
32611
31154
32511
32216
31212
32483
25875
32216
31073
31095
32607
31996
32216
28335
23777
22198
24580
32511
32373
31752
25864
29563
31611
31892
30874
32682
29798
32150
32357
32077
32435
28311
29626
30999
24510
29563
32216
28711
27524
26567
29563
30170
31267
32216
29563
28711
32216
29820
32216
30768
26042
32216
32435
31784
30768
28623
31232
32373
31267
29139
28163
32216
32216
32216
32276
32071
32216
25864
32607
32216
32587
30067
31862
23446
28724
32745
31907
32432
30935
32587
32607
32216
32607
32373
32373
32216
32511
31084
29563
30085
32216
27304
29652
32511
31032
25568
24542
30170
29723
29681
31699
22198
30288
29563
32607
31416
24542
29563
32463
32032
23555
26454
31343
30050
32216
31862
21810
31908
32373
32216
32607
25864
29563
31862
28378
32216
32373
32216
32488
30231
31621
29711
32216
32510
30085
32557
28711
32216
28163
30090
32405
28163
25864
32414
32216
31715
32496
22584
32546
30134
32607
27066
29622
31758
32216
29820
31621
32373
32234
26221
29563
32373
30787
32438
32216
27987
30830
32511
32216
29563
30818
29839
31862
31095
30138
28163
32563
26645
31862
28514
29563
30648
32216
32216
28624
29229
32216
32211
32386
27266
32216
31267
31862
32216
31836
29140
32234
32216
29563
29011
30170
32373
30708
32619
26030
29563
31095
32523
32373
25864
32373
32216
29563
31082
31878
29563
29563
31996
31752
29563
32216
30786
31923
32373
32216
24542
28908
32216
32014
11869
31654
32373
28484
29563
28711
32373
32435
31084
30085
28711
31112
32216
30085
26984
28711
31862
30768
32216
31862
31496
29563
29563
29563
29568
32216
32607
28934
32216
24559
31084
32607
26833
27524
32745
32216
32607
32216
26938
25864
30954
28711
30170
32607
32373
32216
31267
32605
24559
32216
31727
32216
30071
32607
29563
29563
29563
31267
30046
28711
32216
31267
29563
29563
32378
30648
31752
29563
32216
32216
29754
32345
29626
32353
22198
26567
31752
29563
30408
32216
24559
25864
32256
30464
30106
31267
31862
31513
32216
30243
31308
32373
32000
26030
32597
32373
29563
31890
28711
29563
32216
31559
23555
32216
32682
32216
32216
26376
32497
30294
29563
27380
32216
32216
31880
28677
30652
31699
29563
31621
30954
32667
23252
32373
30231
29563
31081
32216
23106
32435
32245
31742
30231
29563
32607
22983
32216
32216
29563
32607
22782
28335
29563
30085
29102
27439
24542
32216
28636
24510
30170
27944
31784
32216
32216
27489
24833
31784
32216
30768
25864
32607
32373
23106
31151
31979
31630
29841
32216
31815
32216
29563
31784
32373
30231
29563
29140
32511
29668
26454
29140
31084
31159
29563
31968
31862
31784
31784
32216
32510
29416
31784
30085
30568
32607
29754
31752
29139
32216
32607
29563
29184
32373
30568
29563
31784
32672
32607
32234
32216
32245
30712
25888
32647
32216
28163
29563
27292
32216
28387
32216
31016
32216
29563
32216
31794
31850
31289
32216
32435
21845
32216
32216
30733
32511
30070
29563
31159
32216
31171
32216
31505
28711
32700
28911
24224
32353
30747
29754
32216
30071
28534
32482
28711
31887
32607
30085
32216
32607
32478
25864
26645
29563
32510
32212
28585
27944
29622
29140
32245
28711
29130
25888
31865
32500
31680
28315
31862
31784
32216
27919
30892
30089
29394
29376
31699
32216
31862
29058
32529
32216
27982
32373
32216
29563
32216
31343
32216
30106
32510
31913
32607
31862
23252
30085
32216
24580
30982
32216
32607
32745
31232
32216
30770
25875
32353
31862
32216
31289
30568
32607
32216
23485
28774
31914
32216
29563
31232
31862
32216
32216
30085
28636
32607
32510
31084
32216
26841
32373
26350
29801
30036
23855
30188
32216
24940
31784
26251
29688
31784
31232
24858
32216
32350
32216
32029
24131
32373
28642
32597
29157
31862
23106
31244
31741
21306
32216
21300
31172
32216
32607
30241
29139
32216
31784
27898
29563
32251
29275
29571
31629
31784
32211
32216
31887
31267
28711
28269
25888
29563
32216
32373
32216
30491
21478
26714
25888
29563
31752
29563
32517
32216
31267
30491
29793
29701
29140
32465
31922
32511
32587
30085
32216
31496
31084
32607
32216
27257
31255
28600
32216
32216
30493
32216
32216
32373
32607
29157
29609
29563
24940
32216
29140
30671
31699
30687
28711
23622
30085
32700
32216
32373
28163
31794
28711
24805
29563
31836
32357
31862
26251
32216
28112
32216
32216
29563
31862
29563
32216
29563
31081
32216
32216
29563
31705
28163
32216
28711
31343
31253
31118
32216
32511
31621
29571
26606
32391
26350
31111
30676
28354
28163
31621
32216
32607
31850
31111
31862
31748
32216
29563
30106
27821
32607
30954
31862
23252
32216
32607
24542
29722
32246
31600
32607
31850
32607
28679
29563
30437
29563
32510
31836
31505
32607
28315
32216
30768
24559
31862
29563
30954
32216
31862
31862
31232
32373
32216
27607
29563
32597
25048
29676
31784
28163
31521
24559
29563
28614
31999
27008
32216
30170
29956
29563
28711
29563
30170
27419
32597
32216
32700
32044
31862
32427
29563
32607
32216
28967
32216
31338
29563
32607
29140
28335
26350
32216
23106
31752
32216
32373
32716
29140
30085
29454
29563
29563
31621
29563
26132
24720
29454
21788
29184
28130
25270
28711
25094
31267
31862
32607
32216
26350
32216
29563
32597
29668
29563
30106
29563
32080
25811
29140
29563
32216
31542
29229
26645
32216
32391
32635
31519
25116
32216
31191
32597
31862
31721
32607
31862
31445
29563
32245
31081
32510
29563
32749
32216
32216
29058
31653
31084
28711
32607
31862
32216
32256
31084
24580
32216
31862
32647
32216
29563
29563
31084
32216
29563
32435
32373
32523
31783
32216
31084
32510
32216
31434
32216
31621
30687
32216
29140
29563
24940
31850
28934
32216
30874
32216
32216
24940
32197
32510
31752
27524
32006
24510
32216
29697
32275
32607
32216
32465
32216
32607
29563
32511
18128
27525
32216
31360
29563
31081
32216
32373
31862
29563
32667
24805
27257
32692
32216
32465
32216
29563
30121
32435
32037
32692
30578
32568
32373
30890
32607
31784
29563
30890
32279
30071
32408
32216
32373
32216
31230
32511
24805
30903
26697
32216
32604
29807
29371
32006
29563
31294
28967
32216
32510
26350
30768
28403
29989
32607
30071
22198
32216
32216
31784
30085
31416
32216
30578
31081
32611
31118
24131
32216
31519
32044
29563
28211
24131
32607
25987
27107
31191
32465
29563
31788
29563
29563
31308
29358
31862
32216
32216
32357
32373
32216
24131
32216
32216
28711
31964
31862
31862
29563
30768
32373
32607
32394
32607
32245
31862
31343
32216
32607
32465
32607
31862
29563
28148
28711
31289
29371
22198
27257
29563
32216
28711
22198
32216
32216
32216
31862
32510
31267
31784
31908
27466
31343
30954
31832
27524
22198
30408
30568
32216
32216
32256
32700
28009
32271
30830
23819
31862
29563
29140
32216
31862
29571
29563
32020
24542
30768
31084
32607
31364
32592
31784
25389
17170
32216
31519
31084
32478
31159
28711
31892
31159
32114
29563
30157
31084
32373
29563
29563
28711
26350
24559
28311
29563
32216
29563
32216
30085
26824
30231
30830
29563
32216
30187
31058
29754
31862
29672
31862
31149
31629
32216
28711
29754
25094
32216
32216
28711
31862
32667
29626
31005
31784
31862
30583
30134
31784
28711
32216
32700
31340
32216
29563
29432
32216
32216
28711
32425
31377
29754
32216
32216
30271
27898
23106
32216
32465
24131
32373
30241
30231
30437
29563
32216
32465
32672
31393
29563
32607
22346
32216
22310
31149
32216
29754
29563
30231
28711
15788
30744
32465
31862
25665
32528
32607
26841
32216
28711
32373
31267
31985
24940
31862
29563
32607
32216
31360
23535
32373
31418
32373
29563
32500
28711
32216
28711
31343
31058
31159
32216
32216
29563
32607
29140
32607
32216
32216
29723
24995
30707
32496
29373
29139
32216
24131
32373
30679
32216
28711
29798
31154
29563
27779
25196
26155
31862
32373
32667
32607
29563
32216
32208
29140
32212
31752
32427
32216
29394
32717
28588
31836
26567
31430
28967
31267
32607
28642
31600
32511
31232
32216
32435
31862
29563
32607
31267
24173
30207
30106
29563
26376
25888
31862
32451
30231
24542
27944
29563
29563
31784
29563
32216
29563
31862
30231
24542
32216
32216
24017
32216
31121
32216
31267
32216
24940
30492
30324
29563
29563
32216
32465
31862
32511
32115
32036
28677
31836
30288
25942
32216
30134
32216
29563
31862
32672
29701
30149
32216
31191
31758
32216
32465
29563
30522
29688
31629
32216
32216
32216
31699
31927
32216
29563
31232
32607
30982
26750
31154
29563
32216
32248
32216
22586
32216
32373
24995
28711
29563
32414
30085
32216
32607
32216
32150
29563
32216
31836
32667
27869
31862
32216
32511
31542
32510
31621
32511
32216
32216
29563
31836
30339
32216
32216
27898
32421
30028
29563
23107
32373
32216
29563
31862
27049
30768
29563
32597
29563
32216
29563
32216
26324
29140
32216
31232
29563
32762
32216
29563
32135
29588
32632
32373
31855
29563
29563
29145
29563
32510
32373
32216
32216
27898
32216
31908
32607
31418
29358
24131
32510
28711
30085
29140
29563
32605
28711
31985
31084
24720
31862
30568
28997
29563
27987
25888
32373
32373
29563
29563
29175
31862
31784
30935
29563
32039
29563
31343
29563
32216
30349
21703
32737
32216
21675
32216
29563
25942
31232
32482
32216
30138
32216
32607
32216
30526
30414
32478
29563
28711
27223
29563
31862
31308
32216
32373
30339
32216
29563
31752
32425
32607
29697
28564
22198
31862
29563
30231
30085
31784
32607
25888
18541
32216
28979
31862
25888
31784
32216
27493
29563
32216
29563
32607
30768
24642
28711
30231
28679
32216
29563
32672
32373
31748
32216
26841
32216
29563
26841
29130
23653
32373
32373
31151
32212
32091
30568
32667
32251
30768
32325
31752
24785
29139
32672
32607
32414
32216
29563
23815
29563
30207
32032
26697
32168
29563
32667
32325
30954
22544
22198
26350
31232
32373
32607
29563
22198
32435
28711
26132
31908
32511
31095
30231
31343
31244
30954
32245
32114
29563
30583
31121
25942
24347
31621
31622
32737
32672
28301
29563
22746
31758
32245
26645
24542
25888
31784
24580
32607
28711
29563
30819
29563
31149
22645
32373
32607
31862
32736
32216
32607
32081
32632
32607
31110
32607
32216
31862
29563
31112
29563
29563
22729
32607
32081
32216
31267
29603
32216
31862
30461
32081
30071
32216
28711
25942
32632
31105
32510
31862
31357
28711
32216
17041
23535
32216
24347
31621
24347
32216
25942
32763
29563
28242
29102
32216
31996
32216
26567
29107
32216
32216
32044
29563
31496
31996
32271
31159
29563
32597
29140
32667
28711
32607
32245
29563
26841
31862
31763
32216
31927
31650
29563
32216
31862
24347
29571
31801
32373
29563
31343
28389
29563
30393
30508
29563
32216
32216
32216
30708
25194
31999
32373
32216
31862
31862
31542
32216
31908
30231
29754
32186
32216
29563
32216
27738
25942
27502
28585
30712
29563
32510
32216
29563
29563
32216
28636
31784
32216
32114
32245
32216
30919
24852
31232
32248
32216
29139
28983
30890
32216
29649
32611
32607
32014
32523
25665
32465
24580
32216
30818
29563
32607
32216
32700
32373
32216
31784
24805
32607
32216
31996
30106
28711
24185
29563
32607
30568
32216
26297
30339
32216
32216
26564
31113
24961
30339
31862
31862
32216
31862
31752
23855
32216
31691
31862
27898
30437
26750
24542
32611
31862
29140
32216
32216
31862
24785
28275
29468
32373
32500
30903
31244
32216
30231
31715
32216
29140
32216
31892
32216
31267
32373
32216
29563
32212
31232
30708
32216
31357
32402
25888
29563
28275
31159
28711
29841
32216
29139
30085
31579
29563
25888
30341
25666
31784
30231
30324
29563
31927
30787
30768
25526
24542
30823
30288
32607
32216
31629
30324
32488
31758
28711
32216
32607
30733
27898
31483
31862
32216
32607
32607
10033
32667
31191
30903
30954
29563
32607
32216
31996
29563
32216
32216
32216
32607
32373
32216
32216
32510
32216
30688
31095
31862
30768
31914
28514
31267
32607
32569
30568
30339
27223
28004
31908
31267
31862
29563
32154
32325
32607
32216
32511
30057
30568
31784
28711
32510
31159
32216
32216
29358
32216
31862
30243
24131
32216
29685
32216
25094
31862
29563
28242
28392
30716
32353
31927
31914
29563
32607
31862
25942
32216
27466
31605
24542
32607
31927
32216
31795
30071
32216
31862
32635
31996
21306
30106
32736
24542
30231
31082
23777
32216
32216
23275
31531
32391
32216
28711
32373
31483
22198
32216
32607
28711
30954
31445
30733
31908
31173
32510
27896
24542
32373
29685
32216
32216
24606
32511
32435
30106
32511
32216
32032
29563
29563
32699
32435
32517
32353
31154
32607
32216
28242
32418
27402
24559
27466
32607
32528
30231
26274
32499
29563
32607
30231
31069
32245
32607
31859
26251
29754
32607
31149
25398
28936
32607
29140
29563
29672
30106
31360
29250
32059
29563
24647
29688
32216
32373
30255
30408
32216
27842
27944
30796
32216
29563
31748
32009
32216
29140
31913
32216
32079
31850
19243
30768
31338
30231
26350
31084
32216
28200
28711
32607
30768
28711
32510
29563
30716
32216
32212
31850
31232
29563
31009
30688
24542
28685
30106
32216
32216
24347
32216
28365
31483
32607
26405
32633
31112
32607
24559
32216
29563
31408
29563
28734
32604
31151
31496
31944
30324
31483
31908
28711
29941
32032
30231
32216
32510
31483
28242
29563
29563
32597
18688
23158
29563
25888
31483
31964
31836
30231
31784
31111
29906
26800
31622
32245
28614
30408
28711
29563
32216
32216
32679
29563
29563
32500
32373
27983
29353
32667
32373
32607
28711
31483
32006
30137
31927
32373
29449
32373
29563
29649
30578
32607
30085
30814
31699
31927
31784
32607
30818
31032
28711
29563
32373
30071
31927
29100
32216
29460
29724
22262
30768
32611
32611
30085
29358
31267
29563
29563
30085
32607
29563
32386
26298
27821
29563
28711
31368
28711
31340
24131
28685
32036
29758
32435
32373
31855
28751
31159
32607
30890
29793
31721
30768
28711
30982
29563
30085
30134
29724
31408
31622
31084
32523
32216
31836
32081
32373
31862
32216
30492
32216
31486
29763
28711
32373
29563
30786
30919
29140
31784
29758
30890
32216
32216
30319
27856
31880
26339
31862
32081
32465
30648
32216
21004
32607
31483
32510
32216
30187
29754
27282
22187
25888
22746
26697
27382
32373
30648
31862
30274
29563
32611
31784
32245
32510
32300
26590
32044
26376
32607
32353
28734
32216
32157
32511
29563
29563
28391
22746
31483
30716
29563
31483
32611
31908
30568
29563
27524
25665
29563
31784
32607
32216
28724
32216
32115
32373
20220
31752
30413
29723
28711
32391
31784
23099
29972
32692
32039
31862
32607
31862
32511
31862
32364
32607
31862
31902
30134
31084
29563
32216
29563
32607
32716
31159
32216
32275
30231
32216
18219
31267
29563
30802
31244
30106
29563
22810
32212
31862
29198
30085
29617
30716
25875
32216
27524
31927
32427
31895
29609
32373
32587
29563
31167
30438
31927
32189
31862
24644
17315
29997
28711
29609
27205
32216
30648
32216
30067
29563
26791
31232
32216
28908
32216
30231
31111
31650
28711
24131
30231
32682
30747
32607
30231
31089
31159
29563
32212
31862
29140
30085
24542
28711
30744
30363
28242
29798
30341
31999
27635
29563
30919
32216
30157
31483
31908
32523
25690
30646
31496
29563
32216
30231
30414
30653
32116
31649
31502
32409
32409
30653
32680
31649
30400
30519
32430
31649
29348
32669
28505
32430
29041
29679
29376
31856
27063
28559
32409
31953
32561
32430
30153
32121
30653
31649
30653
32461
31856
32680
29973
29936
30493
32430
32461
32430
29642
31599
31943
31599
31599
31502
32430
32175
32430
29854
32430
31502
30653
32430
28559
31152
31502
32409
31649
29913
32256
31502
31599
32680
29906
32457
32680
28799
30400
30877
29854
28047
32430
29335
31410
31649
31599
31502
30653
28035
27826
31649
30448
31502
29679
22816
31649
32740
30877
32409
32680
30014
31649
31807
32409
32409
30014
31502
30292
31599
32461
31599
32461
31502
30014
32430
30877
31502
30653
31791
32430
31152
32430
30014
27684
31502
31502
31649
31502
32409
30400
31599
28079
32430
31410
30292
31377
28079
29854
30014
31502
32430
30014
31662
30653
32114
29854
32384
32081
32430
32256
31502
30653
32461
30836
30859
31502
31830
30014
32348
27819
29335
32607
32499
30653
29416
32409
31665
30290
30653
31152
31637
31843
32459
29854
32081
31502
30653
31906
31649
31599
31943
29679
31649
32740
32256
32384
32116
31502
32430
30653
30720
32669
30448
31502
31290
29854
32430
32461
31502
32680
31075
30653
31856
32025
32644
29854
31502
30653
30653
31791
32607
29854
30005
31770
30653
32644
32256
31770
31649
31460
29041
31502
32256
29425
30400
31649
31502
30653
31649
32198
30653
32743
29878
32114
31649
30014
32485
32585
31939
32461
31649
32409
32409
32149
29854
30877
32430
31053
31599
31856
31506
31502
32680
31506
24692
32607
29416
32081
31506
32268
31502
32342
32669
32430
32297
32461
31047
29336
32461
32669
31637
32409
31943
31599
30248
29190
31502
31599
32409
31485
30014
31400
31649
30400
31943
32318
29854
32680
31502
31502
32430
31649
31649
27993
31502
32457
32430
31599
32430
31463
31906
32430
32314
30717
32607
25484
30720
32409
30653
31791
30973
31856
31958
32680
30336
29854
24569
30653
32409
32438
31943
31460
30400
32430
29854
31502
31791
31266
32461
32498
31502
32689
31649
27692
32680
31502
31649
32729
32729
31791
30400
31649
31457
31502
32430
32268
32384
31636
31115
32409
31770
23121
31502
31761
32409
29854
31502
31502
29854
31502
29854
31943
32430
30836
28079
31506
32669
31502
31637
32430
31649
30653
31502
30755
30014
31460
29854
32409
31599
28079
31502
27370
31599
30653
31791
29041
30014
31502
31502
29854
24546
30014
30653
32100
29854
30400
31031
29913
31502
30836
31856
31599
30653
31502
30735
32409
29920
31502
30877
32409
32607
31086
30836
29178
31649
29679
32689
32430
32175
31502
32430
30248
31873
29878
32430
31457
30653
29854
31502
30519
30653
31791
27750
31649
30653
31502
31502
31649
31649
31502
30653
31152
32689
29854
29854
32256
31649
32409
29913
31502
31502
28047
31649
31649
32430
32008
30653
32256
31649
30014
31502
32680
29854
32680
29679
32256
32409
30653
31908
31649
32741
31502
32430
29516
30653
32461
32636
31649
32430
25906
31032
32461
30653
31506
31502
31906
32409
30653
29878
32644
30653
30653
32409
32644
29416
32457
32409
32558
31943
29878
31649
31649
32457
30653
32668
32438
31554
32702
32314
32644
30399
31599
30653
31502
31502
32059
31856
31649
32680
30014
31955
30653
30653
31943
31502
32573
29854
30014
30859
31502
31770
29854
30014
30653
32680
29854
32430
30653
31502
31599
29854
30653
31791
32384
32430
30653
31637
28079
32409
31152
32344
29936
31649
32430
32669
32461
31906
32256
32570
29854
32430
31649
28089
31502
32430
30720
32409
32409
28079
30336
30755
32644
31502
32461
31649
30653
31502
29854
30400
32740
32457
30814
32121
31502
30653
31791
32457
30642
32585
32268
30653
31856
29936
31502
32461
29854
32457
31649
32669
32680
31649
31290
31856
30014
30836
31599
29041
30653
31031
31599
21638
31541
32461
30400
31502
31502
28079
31599
31031
32430
30653
31502
32430
31906
28505
31637
32680
32644
31599
30653
29041
32680
32438
31649
31791
30055
30653
31087
32175
31407
30248
29878
31649
31407
31502
31502
32438
29679
31502
31807
31630
31502
32680
32430
31649
32430
32461
32015
31873
31502
29668
30014
31599
31649
32725
30448
32430
30517
29041
28079
31599
31856
32644
31807
32688
32008
31943
30014
32314
30517
32101
31599
32756
29416
32256
32175
31152
31502
30014
28559
31506
29878
31502
31502
29012
30400
31407
31791
31400
31791
31502
31649
30755
32725
31502
31943
32680
30877
31031
32268
32430
31856
32680
31377
32023
32607
29406
31502
31234
32121
30653
32577
29041
30836
32729
31856
25483
32116
31649
29041
31958
31649
32729
32430
29913
28089
31649
32430
29679
32318
29041
32100
31649
31502
32680
30290
32680
31797
31502
31502
29913
32680
28559
31649
29041
30877
29012
29878
32430
32688
31649
27316
25993
32430
31363
31649
29906
30877
32430
30653
31637
31454
31649
32650
31454
31821
32430
29878
29041
30400
32680
32600
32008
31454
30877
30519
28559
31943
29878
32384
25762
32644
30014
28738
30814
30653
25906
31502
25762
31649
30653
32607
31502
32430
31941
30653
32702
29854
32558
32324
31649
30836
30877
30653
32430
31097
31502
29348
31739
29679
23719
31871
31649
29531
31649
32688
31767
31298
31939
31770
32430
32430
32116
32342
30014
31363
30754
32116
28559
29679
32342
32256
29854
31377
31637
29854
32121
31649
30400
31906
31502
32430
32644
29878
31943
30400
29828
31649
31943
32268
31502
30472
31502
30653
31680
31649
28361
32680
31031
30653
30653
31856
30653
30178
32245
30653
30653
32256
31502
29854
32585
31599
32680
30653
32636
31649
30653
31323
31649
30653
32342
31290
31029
31943
32045
30178
31506
31856
29878
31031
32256
31838
30472
32650
32087
32680
31649
32256
25669
30441
30653
31502
31649
30014
32141
32079
31031
31463
30653
29064
32741
31115
31502
29531
28559
31029
32729
31649
31599
32059
30653
32384
31649
29679
25139
28582
30630
28559
31502
29041
31502
31328
32680
31502
32027
31091
32198
32655
30355
32501
29041
31502
31649
31502
29854
31630
30653
32680
30336
31328
31328
31502
31649
31502
32175
32741
30653
30653
30472
31376
31328
31029
31454
31649
31115
30400
31649
30578
31502
32121
28079
31873
31943
31599
30123
22338
30653
29642
31599
29854
31761
32288
31637
30014
30766
31502
30836
30653
29622
32027
32457
31407
29041
31502
32268
31856
32384
31599
32559
32438
32342
31502
31958
31502
30472
31026
31599
30653
31328
31943
31939
31599
29878
32741
31115
30380
31599
30014
30836
25236
31599
32384
31031
29906
30836
31636
31906
31856
30414
31649
31649
31502
30653
30836
30653
30653
31649
31649
31502
28559
31599
31454
31502
32419
28644
30653
32362
31502
29854
30400
31873
31506
30472
29854
27640
30472
30472
27889
31502
32031
30519
32570
31636
31649
31808
31502
31649
31636
32702
31649
30653
32680
30653
31424
29041
31649
31649
29878
32041
31502
29854
30921
28559
29854
32644
31943
30883
31649
31856
30653
31739
29854
31506
31328
32741
31376
32116
28646
31649
31649
31885
29878
30653
31377
31649
31502
31502
32457
31115
31649
31194
29406
30653
30896
31649
30653
31314
31502
32457
30326
30653
29913
32585
31649
29854
24386
32644
32457
31502
31649
32023
32384
31370
31328
23678
31502
31649
31502
31943
31649
31791
30472
32680
31636
30472
31791
28505
32644
30653
31649
31351
29913
30921
32729
30685
31599
31770
30597
31791
31230
29854
31502
31047
29854
32644
28559
30014
31821
31502
30653
31649
30400
29894
30472
32114
31649
31649
31502
28925
27334
31502
32680
32569
30653
32457
30653
32680
32256
31599
29854
30683
31906
31502
29041
31328
32566
32256
31502
29406
32644
32669
32474
31649
28559
27692
29854
31463
31943
31424
31031
30653
32457
32680
30653
32384
27033
31502
29041
27164
30519
31649
31502
30472
31649
30653
31502
31502
31068
29878
30014
31502
29854
31502
31502
31234
30653
31502
31502
30475
32689
31328
31238
31351
32668
31328
31599
29878
32160
28559
31328
31906
31599
29041
30653
30202
31502
32680
30836
31328
29041
29854
32268
29854
30653
27523
31599
32688
32045
31649
30653
31649
32256
29159
31599
30380
27164
31502
31649
31502
30472
31649
31115
30472
31502
30653
30014
31761
28559
32689
31376
30653
31115
31328
31502
31649
31506
31649
31328
29041
31502
31649
31454
32680
32023
30400
30400
32114
31649
31649
11837
32585
30653
32614
30836
31649
32680
30653
32268
32702
31279
31502
29854
30836
30653
31502
29854
32688
29936
29041
30598
32729
31115
32384
29878
30014
32015
27164
30014
31871
29878
31649
30883
32116
24417
31502
32725
30630
30836
31502
32256
31637
31649
30653
32508
31502
32688
32689
32081
32680
31328
27370
32121
30653
31502
29854
32023
32680
31502
30400
30653
32644
31599
31502
31502
28642
30395
32245
31502
30653
31649
30653
31328
31649
29878
31649
31943
28559
30653
31328
31649
31649
29854
28559
30653
31290
32479
31649
31328
32324
28652
30400
29854
28559
31649
30311
31599
31502
30064
25762
30064
26942
29041
30653
31502
24336
31649
29878
32015
31599
32175
30472
31328
29854
32384
31502
32644
30248
30653
29854
31502
29041
31702
31953
30653
27164
32756
31502
31502
31212
30014
32740
30653
22338
30653
31599
30836
30653
30014
31502
29854
31599
30472
31599
31502
30653
31599
31370
31649
30653
28505
32729
32688
30014
31649
29854
32680
30653
32680
28890
31649
32688
31599
31523
30064
29229
30472
31376
32121
30836
30472
31502
32729
32585
31502
28559
31531
27889
30472
30400
31604
31599
28505
28559
30653
31328
32256
30653
31502
31599
31748
32644
31328
30653
30014
29854
26624
21449
28559
30653
30653
32558
30836
27063
32688
31649
30442
32342
29878
31290
29041
29976
31649
32100
32680
29190
31599
31351
30761
31953
32116
31502
31502
31376
30653
32486
30653
31943
32584
30653
30653
30921
31599
31512
30472
27112
31290
31943
31502
31506
31502
32688
26466
31649
29041
31502
31454
31943
31649
31791
28559
31480
31480
31502
31328
31599
32342
29041
32740
28276
30014
30472
24417
30653
31791
32680
31502
30653
29041
32023
32689
32533
30653
28559
28505
30472
31502
30653
31649
32438
26229
29878
31599
31943
30014
32045
30472
31502
31031
31502
31502
32230
28559
32644
30014
31527
30653
18010
32702
31480
31502
31276
32719
31376
30014
32107
30653
31599
28559
32680
31502
32680
30400
31407
32288
31502
31328
31502
31506
30653
28642
30653
31392
31599
31649
31892
31870
27164
32644
31328
30965
31377
31328
24435
32719
28559
31502
31031
29041
32331
31599
31363
31649
31480
30653
31454
32114
29041
29936
32756
27994
31328
30653
29041
32729
31599
31503
31599
25463
31630
32741
28559
29041
30014
30455
21382
31649
29976
30597
26624
31559
30400
32740
31502
32702
32256
29878
31494
32743
28559
27719
31502
31407
32121
31665
32116
31045
31838
28559
28559
31649
31454
31649
32607
30014
31649
32719
31502
30042
32636
30653
31649
31502
28559
29041
30653
28559
31328
30356
31502
31906
31649
30653
30400
31733
32644
31649
31502
31599
30883
29878
30653
29906
30400
31649
31031
28559
31649
30472
32384
29041
31649
27164
29416
30653
31404
31649
32729
31649
30374
18010
31454
32729
29041
31649
31649
28435
31328
32680
31649
32384
31791
28035
32644
31637
31649
31502
32457
32116
31502
31649
32644
32342
31502
30653
30064
29348
32561
31649
32116
30020
31480
31662
32095
32457
29041
31502
29878
31502
25669
31502
32669
31665
31502
28505
30519
24336
32743
31764
29976
28559
32116
32585
27370
30653
31649
32116
26283
32081
32121
31454
31376
31376
32585
32276
32680
29878
31502
28559
31906
32689
31351
30653
31502
32740
30472
31502
30653
32402
31328
30014
32669
29878
31506
31950
32384
32680
31649
32716
29396
31502
31328
31599
31502
32438
25936
29041
32131
31649
31506
31637
31808
31906
32268
31649
32688
32486
32486
28505
30653
31480
32688
32025
31502
31454
31502
32725
31791
32384
30014
31761
31502
31649
31502
31649
32680
30400
31328
31502
29913
31649
31599
31599
31502
32644
30653
30653
31649
31502
31045
31502
31680
32141
28505
31649
31599
24336
31649
27164
27164
28341
31502
31502
28047
30289
31649
30653
31649
31328
30653
30475
31480
31328
32342
32116
32108
31029
32644
31480
29416
31649
32719
30014
31649
31502
32176
28341
32438
31554
31323
31502
27164
28035
30472
27348
31649
27164
30472
29478
28341
28559
31404
31502
29736
31376
32740
32689
31791
25711
31502
31502
31649
31527
31502
28505
32741
31599
31502
31328
30814
24336
30814
31649
30653
30653
30814
31649
28925
31407
32175
31404
32175
31502
27112
32740
31599
31029
31649
31502
31599
32585
32688
30064
31599
32486
27164
32740
32384
28505
32725
31649
28341
31404
31649
30014
30472
30864
31965
28029
32342
30014
30248
31053
28341
31323
31506
32116
28505
31328
31502
32314
30653
31649
30653
29936
32438
26456
28505
32121
31502
32342
27164
31502
31649
32354
31502
30519
31649
30653
31649
31502
32680
31649
32575
30653
29878
31527
28341
29913
31649
31649
31599
31527
31363
28983
31649
29707
32680
29707
31649
31502
31649
30653
32121
31502
32741
29642
28559
31527
31791
32600
31502
31502
30653
32680
32176
31906
31958
27164
31578
31404
31649
31649
31502
32743
31423
31502
30653
30653
30653
32680
32702
31502
31527
32729
32740
30671
28559
31906
26724
31599
31649
28341
32324
28484
31527
30653
31328
30472
30631
30400
30653
31506
31502
28505
30653
30494
20245
29977
31527
31502
31649
31502
31838
28505
31292
28505
30517
28559
31599
31502
30519
30400
31599
32644
28559
28559
30966
32198
29936
31502
31328
32423
29878
31115
32268
32680
31599
31599
29367
30653
31454
32644
28559
28559
31454
31502
29416
30653
31531
30653
31599
31377
31649
30653
31502
32561
30653
32644
30814
30400
32729
31506
31502
28505
32719
31502
28505
28559
28505
27370
30653
31649
31739
31502
31328
22518
31950
30014
30472
32402
32438
32680
31502
32454
31649
31791
32121
30754
27143
30014
27098
32644
30653
31527
32680
30653
30400
31649
32584
31102
32644
30014
30472
32702
31234
30519
28559
30653
32038
30014
30653
32454
30653
32454
31351
32621
31404
31502
31808
21709
32342
30401
31502
31091
31502
32245
30494
32175
31649
30653
31649
31649
31502
31649
31791
30653
32644
32438
32607
29079
26229
31502
32760
31649
31276
30400
32116
31599
29262
31502
31376
31502
31599
29398
30653
31502
28879
30472
31377
31939
27482
32729
32669
28341
31649
31599
32680
31791
28341
31328
30554
28341
31649
31502
32689
31376
31791
31115
30401
31502
31506
30653
27112
32454
28559
31502
31649
32719
30653
31906
31939
32644
29878
32688
31266
32713
31328
31502
27249
29814
32729
30163
31502
32688
32041
30014
31502
32116
28341
25160
31953
31649
31649
24763
30653
31906
31502
30653
31599
27164
31649
31649
31599
31377
31599
30400
31328
31328
31649
31502
30859
31906
30014
31621
29416
31649
28035
30374
31502
31502
31363
31502
32672
32384
31649
30400
32607
32719
31502
31502
31649
31649
31328
30014
31115
30414
31502
29380
30653
30472
30653
28341
31506
32741
31649
28505
30653
32116
29416
32457
30653
31502
32149
31599
30653
30502
32268
29398
31649
31649
31649
31734
31761
31649
31502
31502
32702
28559
32672
32682
32116
32688
32268
31404
32680
32314
32335
31502
28559
30653
31502
32644
31649
26624
28465
31599
31502
32669
30653
29214
23776
28559
31906
28879
30653
31506
31599
28029
31649
30064
30070
28505
29913
31502
32729
32688
31649
31649
28559
31328
31649
31649
31649
29707
31599
31502
30400
31906
32293
31344
31599
30642
28779
32046
31739
23061
31599
30040
32680
30400
32688
32454
28035
28652
31363
31404
31599
31791
29916
29416
32511
28559
32384
28559
21968
29416
29707
31502
30653
30653
32007
29936
29843
27370
32644
28341
31649
31502
31328
30400
31328
30400
30653
32644
30472
31649
31502
30592
30014
32454
30653
32123
30014
30653
28642
31502
31599
31976
32038
32702
32644
31649
30400
30248
30659
31649
30653
28505
31328
28505
32010
25118
29843
31502
27745
32689
31906
29878
32600
26624
32741
31649
31502
31649
31649
32175
29913
31502
30099
28559
32688
31649
31791
30653
26773
31502
32680
30653
30472
31506
28341
31649
25868
26934
31599
19324
28354
31502
31502
30414
31502
29398
31502
31649
32268
32741
31649
30973
31502
31649
31502
26773
31649
32680
31363
31502
31621
31502
32501
31906
31649
30014
30654
32725
30653
30653
31502
29793
28916
28559
29107
31502
31502
32508
30653
30653
31599
32725
32636
28559
28434
30472
31649
32454
32600
30653
31091
31194
31901
29913
28559
31376
31502
31649
31599
30653
30653
31599
31649
31649
31649
23061
29416
31502
31649
31649
31502
31485
30642
32680
31502
30653
31502
28341
30400
25118
31527
31599
25360
32702
31599
31599
31649
31502
30653
30479
30653
22311
32680
32680
31502
29825
28879
28341
32680
29533
29913
31328
31376
31502
30014
30653
32644
25083
32023
26229
31502
32045
30653
30653
32314
32123
30653
31734
31599
31649
31502
25760
32719
32680
32230
32672
31454
30653
26942
31502
28029
31649
31870
31502
32344
31502
31649
30472
32688
31502
30653
31599
30814
32669
30653
31351
31502
31939
31599
31351
32644
22109
31953
31502
31502
28505
28879
31506
30921
31502
32741
28341
31502
31649
27623
28505
31328
32585
27848
31870
30803
30400
31649
28047
32740
30014
27826
31502
31649
31599
29500
21757
31649
27164
31243
30653
31376
31599
30653
30653
30653
31502
31649
32729
31649
31599
31649
31376
32740
31502
31791
31637
31649
31649
31649
31506
31649
31502
28505
31764
28561
20659
31649
30653
31054
30400
32644
32698
31502
20659
30653
30014
32669
31502
28341
31377
31649
31649
31502
28559
30653
32688
31243
28559
32116
22109
31649
28559
30653
31649
29720
32585
32419
30653
32010
31870
31502
32454
30042
30519
31649
31599
31377
32680
28341
31649
32688
30472
32689
31502
31649
30757
30653
31091
28505
31599
32108
31649
30472
31502
31649
31599
32680
29839
32342
31599
31599
21747
31463
28505
31767
30653
32418
30653
31502
28559
31328
31234
30653
31630
32116
31502
31328
30653
30653
31184
30414
31502
30400
30653
25917
30653
30472
31599
31363
30472
28129
31649
31649
31649
31791
31649
22859
30014
30400
32740
31328
32454
25483
31502
31761
31791
31649
29886
30959
30400
30472
30472
31602
32159
32045
32680
30472
31502
31649
32689
31649
28465
32729
32677
28505
31506
31649
22109
31527
31328
32688
32314
31328
26606
32741
32509
28559
31599
31649
26773
32335
32268
32454
28559
31649
31502
23634
28559
31376
31502
31527
32129
32486
31649
28341
32680
32680
32107
31388
31351
32719
32668
28559
30472
30653
26942
32672
29274
25790
31649
30014
31649
31649
31502
28559
32038
29769
23920
30014
27826
31502
32689
32672
32677
30653
30653
31649
32742
28341
19907
28507
30519
30653
31651
30042
20190
28559
31599
31739
28721
31527
30014
28594
23694
31649
31502
30248
30653
30276
30014
30248
31323
28505
31502
29886
31091
31599
31370
30653
31502
30014
31502
28559
31502
32688
32644
31502
28879
31692
28559
32454
24898
32342
30653
32116
28133
32689
31029
28879
32688
30046
32569
30653
30014
31502
31599
31328
31502
28534
30864
32719
32689
31649
30519
32669
28559
30254
29502
30653
32129
31599
29091
30653
31649
31454
32342
21498
31370
32702
31649
32324
29886
26111
30807
30046
31599
32668
31502
31599
27164
32457
30022
31649
31791
30014
31608
31502
32149
30653
27370
32116
29913
31502
31243
31502
31649
28559
31328
31599
32342
31506
31742
30966
32740
32680
30046
31649
28559
30653
27164
32342
31502
31502
31871
28341
32249
31502
32116
31506
31843
32644
24804
31649
32636
28559
31502
31029
30998
31502
30472
32271
22859
31599
32702
27822
31953
31506
30148
32702
28505
30653
32688
30494
31325
28505
29916
30653
31502
28559
31906
30653
31502
31323
26624
23367
28341
31502
31502
30494
31454
30653
31502
32121
30653
28341
32384
31363
31376
31649
30653
31502
30046
31791
30653
27098
30653
31502
31328
32636
24218
31259
22859
18532
30653
31502
32680
31906
31649
32719
32107
32688
31502
32314
31454
29035
30712
30653
31649
31649
31502
31649
31599
30814
29972
30519
31649
31649
30653
31502
31663
30653
31502
32508
25278
12989
28435
31502
30653
28505
31393
30671
28505
31599
31649
29270
30014
31808
28879
32454
32486
31649
28505
31502
28505
31599
31502
30046
25711
31649
32485
31502
31502
31649
31502
28559
30472
30966
31599
30653
32474
31649
32045
28089
29223
32725
30653
31502
30653
32223
31906
31502
31599
31649
31649
28505
28879
31506
31599
27992
30712
31502
31377
31502
32454
30472
32076
28505
28879
30998
30859
32477
30472
31502
31599
32719
31649
30046
31649
27334
31328
27907
32644
30653
31057
22919
30014
31958
31649
28505
31651
29398
31649
31502
28505
31328
31502
31599
31637
31700
30063
31328
30859
31649
30653
30653
31649
31599
32607
27370
28341
32342
32680
31599
31608
28505
27826
30653
27379
27992
30472
29790
27992
30653
30653
30653
32644
29209
30653
32702
27804
31791
32680
32688
32680
31599
28559
32756
30390
31649
30472
31843
31649
31637
27164
30653
31502
31502
27164
28879
30046
30766
30290
30046
27734
31523
28341
31958
31502
31454
30653
31649
30390
27164
29812
28559
32644
32511
31328
28559
31376
25889
32740
29750
23213
32454
26624
23367
28683
32081
32614
31500
32384
31649
31454
22301
31905
31328
31502
31649
32585
30653
31328
31502
31821
31402
31599
27547
32573
32719
32561
30046
31649
31454
31502
30442
30653
31649
31649
29642
30653
30653
30475
32680
28559
28505
30472
30653
28559
32268
31502
30653
31328
30653
30653
31328
31791
31502
31791
31502
31599
19514
25416
26758
30472
31454
32644
26111
28559
29478
31599
25760
30427
29951
29976
30472
31843
32680
30472
31791
28619
31559
30653
30653
31502
30966
30653
31599
30859
31328
31404
32636
30653
31859
22859
28879
32680
31906
25889
30653
29049
30653
31351
31665
31649
26229
30653
27992
13745
31502
30472
31502
31454
32007
31502
31969
32725
30517
29398
30472
31906
32008
32680
31903
31649
31502
32081
31502
31649
31502
31637
24846
30472
28341
29396
32768
32680
32121
32680
31502
31906
32457
31502
31599
30046
27764
31502
28879
32702
31906
32268
31843
32688
32680
31649
31649
28505
31502
31649
31328
31363
25762
31599
31649
30598
31649
31578
31502
31527
30653
28559
30653
31649
31502
31637
30653
22859
32689
31649
27992
32509
26307
28559
31649
27802
28619
32680
30390
30966
31502
30390
31502
31502
31649
31502
30653
32680
28505
28559
28505
32689
31502
32742
30437
32680
31363
28559
31649
32106
31463
31377
30653
31630
31502
31680
30519
31870
31832
27370
31649
30414
28559
31502
31637
22301
30014
31649
31602
28582
27035
30653
27164
32106
32680
29337
31599
31649
28559
30653
31454
31527
31749
31906
32230
31649
31502
32742
30472
28029
31502
31502
32509
31637
31502
32702
22868
31649
27370
30380
31958
29209
28559
31649
31403
28505
32515
28047
32342
31649
28559
30014
31851
31506
31502
32725
31376
28916
30653
30291
31649
32159
31502
28505
31870
28559
28559
31649
30712
31502
28505
32454
31599
31649
31649
29049
32454
32223
28929
30653
31554
31502
30014
31649
31502
32272
27556
30653
30653
29916
31502
30653
31649
28047
31328
32454
32644
32688
29642
31323
31506
31649
31502
29516
30653
32573
32680
31506
26539
31599
31649
23920
28505
27334
31454
31649
30998
27370
31649
22109
31649
30653
30472
30653
31599
23061
32384
30864
30653
31527
31599
31599
27098
31376
31649
29642
32046
30248
32331
31328
32688
31109
32344
31502
31351
32719
31749
32307
30653
28505
32081
26932
31328
32607
28341
31243
32454
31502
31941
31599
30998
32585
30653
30712
30653
31527
32402
32740
30332
31527
31506
31314
31649
32636
32618
32194
31649
30390
31930
30653
31506
31649
31502
29978
29805
32680
31314
31345
31502
21706
30014
31649
31502
31376
28341
31502
29049
32454
32668
31649
32644
32688
31649
32116
30913
31376
31649
31502
27348
31404
29383
31502
32644
32176
31029
27164
27370
32451
32742
32585
27711
32644
31502
25603
32149
31077
27623
28559
31388
31502
30653
31454
28559
31502
31649
31243
31649
32570
29978
32486
30472
32680
31109
28505
31599
29916
31906
24336
28799
30712
31719
32623
32573
31502
31506
28559
28559
28484
31502
32636
28559
30653
30014
28505
31502
29790
31599
31502
22109
31651
30472
31502
30014
29642
31599
31502
28505
31649
28505
22301
31791
30896
32719
30291
30472
31649
31243
31502
28559
31958
30472
30779
32285
28559
32725
31649
31578
31502
30177
31637
32302
28505
31506
31649
28341
29916
31649
32644
30653
29488
32183
31243
25868
31649
32324
31454
30653
29978
19794
31663
31599
30653
31502
32271
28879
32107
27806
30653
31243
32141
32430
27992
30653
28505
31649
30653
31649
32342
32742
31502
32342
29298
31906
32384
31649
31370
30291
32384
31506
22859
31649
28559
31649
27164
32680
30653
28559
31502
32116
28341
32689
32688
31487
30014
32485
32454
30071
27992
30014
31502
30653
32680
31594
31649
28559
31292
31649
29978
31649
32680
27334
32384
30133
31649
31649
30653
25133
31578
30653
30519
31328
31502
30070
31502
31554
30998
31404
32688
28035
31649
27640
30653
31402
31502
32688
31502
32331
31385
31791
31649
31502
31649
31377
27992
23213
31502
32285
31599
31649
31649
30653
31482
32486
30653
31502
28341
29973
31325
28559
32515
30653
28559
28559
32702
31599
30472
31376
23061
31243
29209
30123
31637
30046
31824
31599
31599
28341
31527
32702
30653
30653
31649
30653
31649
31328
31905
30653
32485
29516
32023
30683
31328
27164
31599
31602
30014
31502
30859
30014
32023
31791
30133
28559
28505
20796
27164
32398
31649
30653
30653
30653
32398
31328
28029
31303
32240
31273
32346
31553
28423
32436
32699
28423
30952
28423
32621
31288
29872
31021
30654
26113
31015
32386
30654
31015
32299
31715
31475
30920
30105
32517
27563
32240
29546
32390
30320
30158
31288
31553
27299
32272
31787
28721
32122
32240
31761
31562
31761
32572
28595
28423
32122
27976
32122
30103
31926
31544
29937
32346
32511
27976
30273
27291
29665
32196
31553
29134
32755
32122
31706
32270
28524
31015
32122
27976
29700
31230
31303
28524
30320
31015
30748
31554
32657
25930
31761
31288
32240
30654
32533
30065
28524
31761
31974
29769
32122
29134
31015
31900
30285
22638
30920
31889
31303
28980
28524
31303
32386
31926
29162
27291
30654
32488
32122
32240
30320
30890
25125
32240
32240
32346
32475
32240
32122
29700
28721
29333
32475
29769
31704
31230
29118
32482
31015
28524
31553
30074
30892
32346
31706
31553
32346
32482
31761
30320
32535
28524
29546
28524
32122
30774
30348
32346
32240
32748
28524
29769
28423
30285
29134
32482
32669
28524
31874
31553
28423
28423
28524
32606
28524
31537
30137
32240
31656
28721
31230
30654
30707
29769
23415
32346
31303
32475
31787
27976
31021
31788
32240
29757
32346
28524
32070
32331
23088
29205
32375
32555
30285
32679
30920
31015
29700
32331
32569
30931
30137
28595
28524
29227
30103
31160
32359
32070
30920
31303
32192
31015
32754
29700
28524
30931
25930
30920
31761
29134
29546
32625
29134
26506
31346
30539
26207
28641
30654
32240
32118
29700
31553
32240
32240
31369
28524
31553
30920
31553
32533
30285
31991
30920
30920
32240
29700
30285
31553
29333
29194
30115
32240
30320
31874
29130
30654
29769
29769
28423
32346
30207
23415
32240
29700
30654
32625
29395
31788
27635
28524
30285
24681
32346
29293
32240
28524
32386
30920
31288
30285
28778
30320
29134
29700
26646
31553
32346
25231
31230
32572
29628
28423
30920
30158
30494
27771
32558
32346
30654
32558
28324
32346
32346
31553
32558
32240
32558
32475
27291
30920
32558
32558
29218
27274
32558
32027
32558
32558
32558
31553
29780
32558
32390
32754
28721
32558
30158
32558
32558
32558
32558
32558
32558
32558
32240
31303
32558
32558
32558
29195
32558
32558
32240
32558
30920
31704
32558
32558
32558
32558
32558
32386
32558
26962
32558
31788
32558
32558
32533
30515
32558
31275
31501
32240
32558
28423
28964
32558
32558
29112
32558
32558
30654
26962
31288
30320
32558
30931
29700
31489
32558
27563
32558
25932
32558
32558
32558
32240
28524
21810
27976
32558
32558
32240
32045
32022
32558
32558
31303
32558
31553
32558
31151
32192
32558
32558
30348
32196
32555
30542
32558
30285
30285
30003
30264
32558
32558
32558
32558
32240
29038
29293
30405
28947
29162
31407
32558
22592
32558
32558
29665
30654
28980
30464
32558
32558
29134
32558
32558
32558
29205
32558
32558
32558
32466
32558
27348
32558
26260
32558
28524
28829
27125
32558
32558
32558
30320
21052
32558
31447
32558
32558
27976
32558
32558
31216
32558
32558
32501
32669
27177
32558
32346
32558
32558
32558
32558
31874
32558
32558
31932
31761
32558
23334
28524
32558
30942
32558
31553
32558
30936
28402
32558
31553
32759
32558
32558
32585
27119
32558
30736
32558
32558
32558
32240
32331
32558
30285
32558
30694
32558
32558
32558
32272
32346
28524
32558
32558
32558
30921
31015
32558
32558
31303
32240
32558
30902
27971
28423
32558
27291
32558
32558
32390
32240
32558
29700
32558
32558
30952
32346
30654
25916
31900
28423
27976
32558
32558
32558
29700
30320
29628
32240
30920
32558
28595
32558
32558
29134
32558
32558
32558
28423
30676
29942
32390
31031
32507
32558
30931
32694
32558
32558
24975
31935
32558
22944
29038
32558
32558
29134
32104
30920
32558
32558
29769
32558
27291
31077
29802
32558
32558
29700
32558
31408
32240
19192
30285
29325
30910
29038
21172
32558
32558
32558
32558
32558
32558
32621
29546
32558
32558
32629
32681
31288
32558
32569
32435
32558
30285
30920
30676
32240
32558
25930
32558
31303
32475
30320
30654
32558
32558
32558
32558
32558
30285
32558
28423
32558
32558
31706
31555
32558
32375
32558
32390
32558
32588
32679
30890
30654
32558
30320
32558
32558
32558
30921
30273
32558
32022
32438
31021
30273
31400
31553
24975
32346
30920
25940
32240
32499
32558
32082
32558
28603
29700
27299
31288
32558
31968
32558
32558
31549
32558
32558
26962
30320
31553
30920
32216
32558
32558
26489
32679
32558
28780
30920
32558
32558
32558
30320
30348
32558
30049
32558
32558
30920
30931
32558
32558
32558
31344
32558
22700
32572
29744
27771
31537
30405
31015
32558
32558
30931
32346
31499
32082
32283
27976
32307
32558
32558
32511
32558
31553
32558
32558
32558
29546
32558
32558
30348
27976
32572
30285
28595
32375
32558
32558
30920
26931
32390
28278
31489
32558
32558
32558
32558
31173
32558
32558
32558
32348
32558
29769
28524
29573
32558
32558
32558
31553
32558
32558
32558
32558
26695
32558
32607
32558
32558
29628
30654
28745
27537
29700
32558
32558
32435
32558
30920
32558
31932
32558
32558
32558
32558
32558
31874
32558
29628
32558
31553
32346
32558
32558
32558
31489
32558
32558
30320
31900
31553
32558
30320
32558
32240
32558
32558
32558
32558
30920
32558
32558
32558
32558
32558
29767
31489
30654
32558
31900
32499
32558
32558
32558
32558
32558
31767
32558
32505
32558
30654
32558
32558
31344
29134
31553
31923
30320
31553
31747
32558
32558
32558
32346
32558
32607
24975
32558
32558
31553
20120
32558
32558
31553
32558
32240
32558
30285
32558
32558
25860
27667
32558
23088
32558
32558
32240
32558
31553
32558
32558
31995
30320
25605
29546
32681
29618
32606
31553
28602
31489
32240
32558
32558
32681
32558
32558
31288
32681
28856
32558
30138
32346
31553
32699
31303
29024
32558
32558
30847
32558
32558
32240
30295
32558
30273
32558
32558
30285
31553
29325
32558
32558
32558
32558
32558
32751
32558
32558
32558
23088
31991
32346
31640
30074
32558
31015
32558
32558
30920
32558
31921
32558
27291
29546
32558
23088
29546
32558
32346
30654
31553
32558
32558
25860
32558
32558
29134
32558
32558
32558
23398
32558
32558
32558
32558
32558
32558
29700
32141
32558
31273
30654
30676
32754
31787
32240
32346
32558
32240
32558
29134
30403
26489
29872
32558
32240
32558
32558
31761
32558
32558
32558
29730
32558
32558
32511
32558
32751
30115
32240
32240
32558
32558
32558
32755
31977
27976
32386
32558
32558
32558
32558
32558
32754
32558
32558
32558
32558
32558
32558
30320
32558
32558
32558
32558
32558
31761
32386
32558
32558
31021
32558
32558
29325
32558
32346
32558
30813
31761
32558
29700
31694
32558
32558
32558
32361
28787
32558
28958
32558
32515
32558
32558
30920
29700
29134
32699
32558
32558
31109
30920
32085
32558
31721
31288
32558
32558
32558
32558
29134
16817
28423
29546
32558
31553
32558
32558
32558
32558
32558
30920
30920
31889
32558
32558
23088
32240
32558
32558
32558
32558
24947
32558
32240
32558
27291
32558
30920
32558
32558
32558
30920
32558
31447
32558
32558
32558
32558
30920
32023
30348
29412
32558
30654
32558
32558
32558
32558
32558
32558
30654
32558
30920
32558
32558
30920
31553
32558
31303
32558
32755
30920
32699
32558
32558
32240
30654
32558
30403
30920
31553
27771
32558
32558
29769
32558
30320
28524
32240
32240
32558
31521
32558
32558
32558
30494
32558
32558
32558
31352
32558
32558
32558
30654
29925
32629
31483
32558
31553
32558
29227
32558
32558
30654
32748
31740
32480
32606
32679
32679
29038
32558
31031
32558
32558
32558
30054
28524
23967
29134
27291
32558
32558
32558
32558
23156
29618
32240
24681
30893
32558
30464
31935
32390
32240
31204
26886
28524
31160
32558
32558
29704
32748
28721
31489
30654
32415
32558
32346
32558
32558
31015
28980
30904
30921
31288
32558
32558
32558
30049
27379
32558
29169
32240
32558
31406
32694
32558
32558
28850
31553
32558
32558
32558
30654
27976
32558
16185
32558
31553
32558
30285
31553
32558
30049
31173
31282
29700
32558
32558
32558
32558
31553
29700
29573
26995
31230
31173
32558
32558
32558
31173
32558
32558
28850
32558
31740
29700
32335
32558
31352
30285
30320
32558
32558
32470
30920
32558
29700
32558
32346
29700
32558
32548
28954
32558
29809
32558
31173
31273
26962
32647
32558
30920
30320
32558
32558
29795
30285
32558
32558
31447
30755
32480
26723
32699
31230
32558
32558
31273
31874
31553
32572
28635
32558
18051
30464
32765
32558
27971
31761
31173
32558
28423
32765
27976
32558
32558
28757
32558
28423
32558
32558
32361
30920
29134
32748
32558
29038
28110
27443
32240
32558
29700
32558
32558
32558
32558
28043
32558
32558
32558
32558
31015
32558
32558
32558
32558
32558
28423
32558
32558
31282
32558
32346
32558
32558
31553
32558
30654
32572
28721
31932
32558
32558
30676
30904
32346
30320
31312
22780
28602
30920
30320
32558
28096
29769
32558
32390
30285
28850
32558
29568
30920
30654
32558
29618
32240
28721
32558
32558
32558
23088
32558
32558
32240
32558
28423
32558
30920
32558
32558
30285
30920
32558
32558
31303
27976
32575
28524
30285
29220
32606
31021
30285
32558
31991
31553
32558
21052
29700
32558
32558
29628
32240
28524
32558
31900
29848
32558
30676
29153
30909
31015
28850
9729
26489
32558
32558
32558
32116
28524
32558
32558
32558
32558
28585
32558
32558
30871
32331
32558
31288
32558
32558
28700
29700
32558
32606
30285
32505
28594
24776
31553
32346
32748
28423
30920
32240
32558
32558
32558
32558
30920
32558
32558
32558
32558
32558
32240
31352
32646
29092
32558
32558
28721
28043
32558
32558
32558
30285
32558
32558
16853
30920
32558
32558
31553
31288
32558
32558
32558
30847
32558
29769
31674
28850
32240
32558
32558
31553
32558
23088
30486
30320
31352
31015
29762
32558
32240
29618
32558
30676
32558
26962
32558
32558
32558
31553
28850
32558
32045
32558
32346
13060
32558
28524
32558
32558
29134
31243
28484
32558
29700
32558
30920
29023
32558
32558
31489
32558
31553
31230
32558
32558
30285
27976
26994
32558
32669
32558
24975
32558
28524
32657
30910
32558
32558
32558
32558
32390
32558
27580
32558
32346
32240
32558
31923
32558
32558
32558
32558
32558
32558
32572
32754
29700
32558
28721
25411
28423
32558
32558
32569
32438
32558
32558
31553
28976
32346
32558
32558
30320
32558
32240
30320
31553
30931
32558
32558
32558
31874
32558
32558
29134
29023
27421
32558
14450
31014
32558
32558
32558
32346
32558
28423
32558
31151
29201
31932
28524
32558
32558
32558
31732
31553
29746
32558
26962
32669
31477
27939
32558
32714
32558
31553
32346
29618
29700
32558
32558
32558
28251
30920
31553
32240
29573
32558
31015
32558
32558
31740
32558
31874
32558
31553
32558
32558
30320
32390
32558
30285
32369
32558
32558
32558
32558
32558
