2000
509693252177873524
608343824207820000
359187436128844320
538358255540374818
94686504460182672
542788721417918768
728841739856589892
668258784528245334
520225137450015078
903742477605679018
171878281551846136
77321568821383916
518938262482300566
945860710333540080
461433936787240126
685629998566009742
359654716182635488
919227483273799650
751081816778534120
626407904967138376
200800943166060894
813014426535200974
253440907994972666
328823256988838618
867392474008941889
755483663726959274
870271638116512034
699381334384837248
887906093052130134
964323245718306494
825427514211424816
332993540038817786
475121991251164602
192316093025892452
931259070388678292
803444273165179564
887746916987363098
158369972279228879
231760900852717556
343613630538024760
176899226288588006
484199566869878226
468157370460314314
979016710981037564
547396387549092118
47350822302568831
831688597175206058
588066877077312552
164040096206960512
406498831386764038
209723893033740844
230090194148596218
116380626097323468
884250207386360810
221055153458872119
628380057229311328
262126845287319748
834096739267301048
621845468211008670
466242159024465782
909386809706361150
477547590915752327
675655888055876120
179378140202252082
413517095317896018
170172565704886336
868500170481510632
883304304289360992
53784393929548082
315234655573906358
633517258279318340
606795238283608624
553580331244270178
273417804964567028
254551590180054408
319636546567907136
561423647989025914
162103865441022096
646416824103229522
278378475632265214
489536398980863054
996562706196577072
190147730018815166
153640493478950406
792348004077869064
301931749267751062
773256134430547604
354745885456058694
622256566766310242
263284357786186658
193886265018836992
793346706945272022
546849559234119716
188197932800718764
915090339432060890
774279649073810120
737836236610482990
345340445920941096
378620719629557488
365239588547020922
519491488258851083
956657040363577288
546160850839507883
918486235683882054
878028232760812274
835431760724350806
712496356465744492
288126182010402256
954621759399187119
681243646623571944
625857320064827026
688358131743588956
73120844401148626
36770784361549758
329962446625080604
669551694368259042
166487685664617392
171804641350681060
753038618051697900
335206485738246042
444994478520547378
36093227612409840
424418532859006650
844607422536216328
603125828088573764
128505111188037078
192769357850752268
321206544694817228
784061211912444430
406384449657491932
631534946659689919
513934532997983044
709733167855023842
435908548503847166
900020118200756106
778866870652610898
570737721637375208
578397892284581982
294438423354408206
233654934239897058
124905528649807828
931950439756606216
562173305982984184
238007271750315612
738795012859170020
686628947703281522
250161973004598770
247834667757346038
896851251121663366
831074131197683818
372684074227720116
822459055845100264
819852654586141170
464237833124354610
332620813205525160
913333489823761944
73463810351545174
979690114936373246
81139857145819746
544468049328808276
197885199405642784
868737426687675444
438710654349099866
669850416268290418
719906943579814948
496717790865807444
70246603633662364
464454253055902952
617903459628025654
650060189073279424
513484479990896340
760712457642140667
597462864020270802
150948365393089038
888870274804501764
190770284143954918
565408040545202184
485435128383553124
743032566560330618
237442356682612600
380374282712926306
694732425291768968
18061197779267452
913607398227762325
395583305471853548
976660886865538812
336423198109016058
335377328439144708
284275066877184768
599868643624182228
942307294229284504
801303049965916702
526985717022674200
914977354865830008
381122643578666278
104139245100616000
856881547757608494
102877416439203294
581188063182265714
534731074139653426
838762928508270637
158728266656655498
559044863536661502
71855700729831786
195493017236795362
409787748199622196
492781934101475364
610950207349658054
61878571081637310
216294683675951448
718264163086502356
891544005849139522
200527893460722332
863630333857273693
903718656221778368
747816772324070124
502815282759028132
316630888444336374
973893231697622646
435619206225874388
66540092092575619
408511615154379244
222181415054505542
724042529303213902
676618772174889030
499012246416429044
875072183914282012
843487590726934012
603965484890767080
216205171580501990
229826510320150
479875767553376090
993831077049339840
200610309036224510
238406110406439398
179549853432853516
154044214611279170
130850973149957308
315193726287741198
984955067904615096
140546439141437334
867757851717422462
78848553335108926
245446581313099976
424021145918173774
782622073672252986
813859583377969314
40703582493405162
496295207150374504
363597249383880244
124677015227771196
505283521277275199
488424019972805836
790647911119955838
814816813832816420
866648355713296322
783614899012779940
369563708929383496
521335950812985046
112505440715749478
588924862593902306
222474342824705450
744836457216831458
488916673960700100
327141593555600088
667756689444554868
559542617358375906
419188341793950656
497229928838657166
773270543275792334
26459348676049518
600613974828204068
201754993154892998
72607244935661532
825618866893468827
198838901453370892
213068055258338968
422326659322253121
126385358344628626
869646725499350118
827777676886043762
838313600134162896
501382402521247148
707752657026922500
373682600599966784
722553714273528564
77934237491996760
696381872155425602
888134696965547472
562167805755016402
721628713464269246
5838788968475202
658709435668491010
300073011187423666
798843396858868651
994784080479115420
791487209066886654
780808678039964618
34472545004081580
74496582529926080
434970156275697116
653443190140605078
337241552793793366
824652751217761360
953125271510879142
672373827477953434
845396224322457044
201002901870342230
555810840111165277
330539601503649840
622113050631815978
159978842812269532
251960699289196070
980641983942165086
645031325859522810
660360813227751678
333745296072624616
320568156474883332
345769741007312824
952326496192144894
925443098491123718
845819512289681388
977421497161413886
230719660587312684
852111860047796326
990203296982577538
61437558259886338
691921817934279424
972168332122739472
435803420516925976
164023971125011522
186448939992248908
502224301882749194
735448286528747746
153602925534557646
199460863478139896
800288493214582944
663984001749822100
230065198058809110
47084347706709138
771729606974276600
152547346502563814
457553194433203824
126164004243831850
938162618176259334
495132806465265378
762453534580073208
439456009584373940
618575604477734408
112007057662776302
361725107880335862
506570278622245922
93615974711967528
626848628018921490
521973106308861336
330024349822993168
33074349716577900
339349392712404502
893197552162604400
414662617463122630
33425802031547595
276830724575683294
468149490229866288
828851323413042798
174065428921752194
605106475485512180
172097438276677488
170868664057650660
288588694818782200
988134224790593418
454840273828057954
403327181550823342
28990816956557946
619667240646798958
514129608300987512
425340026302447328
94466076586562504
520731593810091727
401836933552814078
233538610247346444
136209279463108744
912627988612143158
475881945557110421
203392183868759349
971048915284762748
254756275768634239
499758270701593646
709429549342552882
422590678558611384
705823138124082148
602625564527508904
680745664425415306
908146135331030262
294395768964890484
888839802810331114
903901158683103896
454106636413980392
115723869864681273
726202829919952042
214406769973629618
221735312232289868
429346143298442914
411880104514289142
772891640154381468
685546918501246606
975090848599343342
629690623967069164
732356901130950494
779999378310872520
39602475599831655
763163484792889574
771444343143245118
915904951114771658
985347005240876738
188162697578815374
284002925797057388
21655180737885020
912319797161200118
177903315688841324
620146334144252736
898677899089556650
102637126670939146
869883888919969412
581792512314015628
321722134979777005
940966587929415534
278812919813771484
739736989435085854
877250339116659801
697411707558069566
815858074551628214
58787253892763462
729604155973247058
314328156632410624
773194761895435860
622951143946368946
644192552773098078
275960427323685878
796703325995642216
259627396417110906
301976250237585418
697310985385491572
727831097002396030
143661973950486036
273076613803007006
676039972023096468
51294818002326199
344571591236677950
499707177460457093
250441999162851410
509123418107623629
35832851400753268
700132472912903428
465361367468305648
261871609392916784
564272718152577448
867750834715562530
625720651116132566
442781699249399512
269541220681926886
637226532334243726
791098455056790000
29991595156151114
668762623508498838
883082853559186902
973509077403159262
326662867297164160
987502847013331686
622550479801968602
950785449191355498
641912240142924688
153372563959654130
864898253039588176
778818191584127416
456765410189559522
407318014175165974
473692746981755382
299597556435692882
27217313136011768
540221068472858780
325854291738136454
634351564321918436
642140028477147258
766661222397257844
50567509827695326
58714499261859154
971344091922912680
460098430645235782
44287096720648144
318066937745643516
622317458035823118
980037934487568408
504410551905611399
665005344005778976
207199109706803172
136431425280260046
241057036209755124
980934952659177908
989959792194199230
632189135762272370
318403259895769060
441179303440515040
987401200793125166
203387976212289686
134196703589227856
225757449810493258
171428023835827042
968701821544401360
706783411059731696
166196568682071732
623783832431116782
927498298279835132
387890324746019542
762302304588546538
643433244750728584
989022027151689884
26315040243525036
347542048578404550
270599255940278026
686990309474304410
616429163544335910
394971939615147664
970446663628356254
120258932872127484
405437920071570750
819341176637626622
64242730785522496
69259258928503168
912852587327033614
713008291959570272
781523496929359900
327482416640554676
758847764547792646
208668761514622384
376184350756858160
481363317386404480
971748810826989788
572504668739183946
857703823714613748
899689889226662628
561210676345444194
193589325206268470
38924530659906138
312991665731311628
204847292810286314
143416441912235804
24089450420669944
909492954586724780
631809912751870234
431417961012475008
851322683567942608
926579401928623498
111680485103499348
740352623816339394
155192593265884312
370075503768526590
291026814543364150
382049645474788088
586270883366885748
36467590073466904
933497737217284086
434453861402469644
142574519872802034
569017900627372670
689069960255418325
531742473721098214
385670108898673568
17649690568672544
320045701831928808
952064539695787066
397789117890062736
458086766856109034
3025571207037070
329151613039087354
399231617608738490
559282714248266444
619895126526475686
866210119615406218
151254434393222538
355396688072941400
484052298824093470
140452566443382906
796340494989534684
429387899166297384
180434617532788552
12822963412667416
739543029346316198
990432824168237792
144320763814148154
510489206145720154
711862076563467240
447195087375784168
608514068506374356
764108745569561562
493764154959802958
402003632800844170
440989412085857612
637082723559622308
839909397399128634
154462339340107758
699133987767676082
868485490340075426
236391437033437930
989405241212154154
182993126657524718
30990224385658222
798453249932834706
46381666000990200
115806040292777830
940684147137398140
489564408519530082
134523093221966186
994497681801401555
139827724135705084
894518373661507580
652938485177654612
876763949404274854
919071945196999722
573858849457752408
89669303227498164
512800012488916610
566368881841169888
654512205819994990
837199231808397954
551897313079930074
313783773883621310
244251055924252052
279744224993434338
639844325890508284
223697201120535392
510778659974857914
740526966897708698
154853746217326110
9813873346725356
333505929929395644
454963342569690720
148421032405417532
524591237134794312
722871806764078049
601531223137604990
291676284192469108
976349430739190766
763711343911642406
666908449451897850
137712169910966510
988361483456445102
241852832937591174
83999143960381116
437003325220645205
471003093465942154
875767303391587514
247350100705615452
670473286511542490
708284351854173474
874421247424866360
366164174246025568
958082947514626652
153634650676765822
614096503406044300
596522352877412884
630349802885673504
21978913940068328
768451017770155928
311849375953536816
738809092418118916
231548246340393190
656283261052074704
324789739183576318
5682399181850770
816640996238609658
859125452326984550
723716865308833134
43006843935552034
122750887385302472
657258991206532494
794711992807115747
91122940656686064
345212226217032406
158859951755967642
37875300024723284
137583377264190601
426901774973656574
590259425658103522
863416051357405214
377236258992473546
920332036063467494
894501677461562636
143869049506383220
466340012975495689
470456252111948004
533789248318614397
956530015070565242
587369424246131356
821180387299682138
204310592632693688
927423397782947110
112177569464910992
832924595065908940
431882919801303914
868434084613306846
906451297364701206
296167403020245821
656380086746567382
610239575058469440
672175007789159914
507290170035336430
780157080204039252
986694417727997356
972269376728710866
17401078977462374
580274460807265072
53936592379459998
229063412981854912
448532519001873370
879374309257725978
48263755126048332
293695230848646162
349238946176912116
401375251601835152
482314261413233020
218817012271979708
339534718790959812
315660330022682106
401415163091333854
891897329239753280
864538668827863012
231918651506029316
208506343171386876
934098980255597392
286609716819150747
815242162554711438
386885098843387188
190375995765119726
795838786006084668
660756064874045572
470216683833456102
741175206230557100
256747977811719070
921149814782731060
178869977631582570
296069688998512444
230204326119030568
13426876967288840
65058502796114334
789793871568669520
593903213055423064
948212438405104380
127586057273247778
459911153839295000
544161474976118084
942373185396833949
571554012512149748
590974042381851642
190820988225433320
47440127770492252
721388634462024110
320432227807519696
566710722482928246
391867812810213260
923818037647914530
40221867623146
928093079726055410
691891476731497
71894642134593118
363613290419490014
60029377780758822
602152292430486764
685637629805739037
356133305004769540
288244055029490894
591447378922773818
915307756534010680
185898573936146594
153046632204458748
535761505659353064
991924670595962180
343266283324433352
919808661134252285
390191950430915915
641147914418856286
482026935913888416
600237060285381092
591046226642676194
441581178589636446
114246990895660084
701365733312617472
789461825798082590
529444462637360784
346318898080080906
309611392887666840
889535581415897837
869674648557803050
128820667222271804
281788173044673688
739407767712729894
838348332511524508
571308132083558992
10671500878210550
540323540622026652
653088616249771194
349471173181102262
63585107074123088
132777289846578789
503378093378138364
722222302399637929
202077829729452748
605668976596463318
933980369125912058
503970330528061580
330806368814464860
349062327676788644
313332975745335798
730995187479974450
306110351217045500
840525738877032814
924235073759055496
42363920736954240
54615711153293290
722819174771785696
329064031090093924
530071467374474970
584108122167685588
791251499074391816
921940045031184428
639908005068599904
24425860372192518
36378443270786172
388529726300642478
6600212657643666
572746671254761504
525950731994524218
790765023446579632
465923148248520984
855628042428619606
895119311094896110
447676567344316758
830444781732386928
7221521129446296
574294796084036096
241267851555625568
119734650100673528
653345717532378864
152167315455738251
714565404475199204
927063506898237234
355179361064241258
463426790828073310
69818324432566768
693981184886650232
719309182624588600
988471197217218163
292199425024305930
881044721450600308
7163939086718898
232664096193642808
232510148272847350
470043257787496180
415503031593533450
454751720508139822
112013398939394482
682741457455023761
752959071923006450
529552135199408780
552075183701460618
450128681973703940
308056793849868712
750741332723831740
477860279783678701
997517357780826294
790583272644084868
134932508247528220
760289403013568570
5694830136689536
304511635487770058
215079339550881810
789033417190770116
324473460767388022
490129286570679916
606186773026138734
326403045979768177
594441840191272142
276237566028236268
929499954035415044
258704309783614262
899857014162105562
487148956053120118
136438778689515486
854728054579421252
912777330231361514
532382515971457482
583836111229272484
363314123823859474
428068933074435896
249621435618909278
383236534181718217
508986209629460206
231625378729012204
143169025615439202
363150632686003012
762579759463860624
877415557849970682
299331596066310310
564855677476260272
57680951285236348
434768965861128376
172185140659642478
951349745536794592
55993984125095464
33034243457293734
334227474992610912
200860490549900596
599358239449376844
353800523535643354
563924060387852374
720458269358405732
727977584868094068
576837794830501570
16294859029294042
394006118119767288
320662565942825342
787291758578178680
407057354329517288
567106874976321528
556222921211453448
755777749218957808
439212353899568084
969033063982323782
793345470788235904
764320541946981946
244439478960712428
927999985576554092
256308663542625384
778242247443986862
288541385820610534
228754086915858792
146474850570497652
238657149817118870
635450180945491438
440136672299056230
550317231745470374
601349185134236272
617656693048008224
580627821492747000
139698206437660428
417197429165187144
156152899499439729
69001156781878356
51475833954389822
398381864313068544
374664177272503042
168150548195709080
638817126192813822
178857575963917468
502047137563066532
777397405671747150
830308514666942078
468102064519554178
474348672886842548
647916898173876912
417715077762048531
53928113420980276
921660607324757596
751283979945640002
471139965236535218
518820260419627998
625427277131141156
788484738960007954
424187621060688122
744708722741966139
354853120294053544
455273268131723766
16619205582112874
993031127851276874
325453908613628040
598030919784158008
130157652748118472
855545892378932288
899270226897288492
428031994361271080
655549177786806792
486659208279949284
526510676017095890
503830071473059918
494263359833364730
497234373237064415
388949633858274840
338887287598532836
830003836246268086
854545505407869382
695453972961092838
384132797662541203
268577122690681600
178673391246149158
820384699338673778
5412638692673332
316207672091506781
25228037260763948
264094438399440702
295303671190053856
146045277681561686
637435957657143422
642422678009481132
101387603713939622
382682551303654382
135626691583105056
385209967748437242
150674860283952670
661909110887253590
13703453286772906
378034768321755344
326970883988025744
124143451185102558
33902445374142464
235025917928101368
75763219499054734
981623358905754992
692502587586936227
525825688122389290
343835886139632518
284425243383942774
841014289439808232
814144066414902672
548869255131012302
888302536491681598
185528063575258948
82812131792804734
839931386443548768
517257519591794274
236726096415423712
606222039363700720
939009910711116474
285118628139791356
16107869616314947
862323616593984984
354646882683889362
547710551617210238
387030975776990908
73825712089660852
542293397328410111
997597466911384330
363216686239209506
741630823520796400
154308804725196522
396236881868739040
573617520652108912
573294597078922936
239592111494838
301752983060956070
245426220745779562
502692473197396074
541569862358770272
114101996063823334
573030475280848900
983667363456062472
19610511637371468
419028337119696433
373598696054667002
150784242509014190
122534425830415502
709020583988470812
601747175334311392
889064859530230150
55983680459766396
52615413014631072
776443986142944244
634701184765034242
974704206694582322
282096484784671060
487669213488656026
705458204360173168
736829971682804964
839670490832630358
568741506483445740
505839208892155332
637327808991161662
290357156665704484
341508823800199022
871987603368090226
608478995262369478
992098011743729741
748244820462251414
352538924084599728
569187893337382880
33390906731753834
268424902337129476
220934405796535444
418168153208172910
15400294628471455
467890570194690094
999434073918338794
110798945259708992
894131399917444578
268676052919435142
366760997533139578
105774298552494096
446712130750900760
644112390735618494
668753267886292428
879331113847625838
914204779508050544
56651834236864832
95501679466252436
309475611392555520
910198162376226300
206704790314416096
441840603220087896
866030293708541264
796914410574350384
306547610487614686
108504840874905262
31748462084370266
209499283310588624
340629148113532814
903464915218245734
314840890637599852
518373805175851058
473134618997775568
304715946738828276
909451059644911659
806334240015140470
658145179650190308
468371758935278171
982068224033545324
830139008940508126
133614026674071670
831446446036501264
647544487235611326
110299296475301496
435548636193692004
111411021167927818
999423428989091808
15826613819846612
794626244593162708
1608572040887596
935672172279806043
260541706384022846
922019769401500503
80295752258543258
908181115970045170
853286129722038706
108011303131675954
174985926019590386
385957506077497116
774299064576569592
886086297736165434
671069069970256728
616574657751479306
351366612733293492
16562649306290860
600322932265319404
616739272618108959
221968907032328166
565462002923576712
172405743008108800
195359967436621238
879990557683428602
448134526997296570
451669734277205606
423538793626336626
708377311836607260
641622655527975987
833596066283064388
105731806891146900
369610979317772609
498984365309102176
735123429234410766
252692994023701150
807095183244537360
593756492626577346
53163096247949042
894489372753288980
622103626712146746
441984392582752950
197504895261208270
729293769998520976
166332679252505300
912251876905814123
152318636447434748
905967762293900276
341599667807461016
225310713756018526
248433243005773224
327373920300225622
271521510472325724
878168572678559992
942876274995624312
216202133084523532
95147123151159844
803457421081769120
617686855651239465
436179930393916398
913333122838449620
867479793594315362
775090894288474080
914343998632786786
371010540019449675
276074054490489418
442141046664011130
434476698422704444
332043586693427968
944841073285375154
478264400700337952
406462739741028088
851256326927267556
429585874209128974
198299267011461850
651074161840323036
496126425172520678
634526646499567788
76329865413949038
253858714462452142
938730489941623150
187308590986052356
400123513084669632
598756976192352957
597138082241608448
388248612554454608
446736446750674090
390530791443524339
225345532321735326
959287443474082162
276305756660971764
778156188852917914
137460785611318850
214942292094387378
6450434798614074
529128496833902052
979165881245531582
243777493764187268
187162863822832002
839637477413667596
3532228072677340
805705103710846720
568078751696230174
346175990073180228
699341641025911784
445418350771722198
592801563650900262
142724061144627234
150765346748175386
221086616622708400
210344861660673544
612197474247966280
487658209796306916
347138706239450756
698881378736545218
795990543039049160
104427335819227988
161012735415582566
654282925100304524
975856857785820012
811656580209143918
710954391106336958
445886539697728066
848407001944773
85816007586100374
306806909585822161
942109577946634522
681397388496373746
545805920986660640
897644239029959048
643409587174538872
103855949352420338
498548162391943902
47132193490120078
9811462405777342
150253181340515338
38413038044153500
736834237947008300
848403496446375270
425824490112546234
781207869105882070
290685269292552038
728987368194693676
451387832680617426
198279543173029612
941771939964807526
815238041533727996
876581581152267518
736886795036489894
202029817760837436
786936601702180924
837263003031249736
768328403992502022
528299015020105974
926823340952363582
959794882364989878
138797686541458665
499688000408129886
160665314784570356
605310470155080181
804502993603060870
375897489772171236
215431611869727290
351456346528231048
822254483219370150
34624959634332140
214575196603362924
988141150977173790
961271070411378918
393063492831740524
697456583801456998
173277125105991412
796877261930197024
4089719240873656
920670805994150864
347176403653185748
4288414561024845
511660565226763936
413154245394691388
417949208517334574
982272032678046890
74407643378935542
605652523862607656
137699595182331440
654109349425946510
624704626004487678
678266865645624822
252473985992737270
989852281316616460
84912522351050704
713398175012486248
65570346584166388
448239712677467876
250455040262666154
717236944584368417
446175418514059192
273886653830357300
585843695608221648
115709116501410154
81391150154601548
497714420439585530
980565102293479104
709839269483070294
677375886258155684
587421893095511006
287405277626298500
136891819176654450
266734409410266504
348859939259126978
937099455997474278
241395314646655038
773134084891137780
334621341425375634
309439208030143358
169063632289948496
860558211309541514
490995026792668940
467714956240209096
465213894956184808
406230892079066548
664088235616602946
227737948348442522
545534687940454073
625088873815646342
309875019457142638
224224135105176186
938863742381751530
275165026072938506
287760655210682062
558920064029795898
98486652873863148
877461258361643414
604228370137141556
84479320306842302
969622700685987866
512486168793624762
326656234122747911
859097288295606526
231279104098885618
637458450002045958
645721892140672590
826533543698333670
56912212987589618
104048704980502242
200813843085492310
366245070136118974
343188403774791806
749853459182694768
679002943496099096
70986832004009772
492545122366847326
591598567684203378
566017994499351272
359001415621088480
816225158240181596
884584224775549012
279693911300898756
99174374760674338
626449080358479080
405392875140596990
919623919008502692
624256475062497374
885464501269107706
2935223552256064
300218632439781582
645460403756001656
275010712683184458
90207907568050389
964099702426719968
855144234275413602
929824902406990560
840558870906370218
105850071178805494
56398328346105370
262617942762649786
917177530541757522
213818101259102382
707409043230306182
977532006036037404
927898986823904392
233032315426262896
686396948431675948
12531328906513388
329956393184615268
441001227617958862
903748835632028494
569278928896581602
682263203921165100
852980845997564034
850883536984331900
702596265815842596
959074191971242238
599430898675808152
805657574543727900
136627389230661330
244735239190232436
909085948094106510
649949758556535910
842834935248139104
466327109991747508
751523673745070096
861793023439888602
138734382403927802
765541940812305900
433253714193887728
512142069166654806
583289703492224742
570341632472749764
358156632827286504
147291971755693808
1593750077717946
770131425463748592
274863789555838918
469374035650432716
654693896985227974
941030672630459286
155189125576579892
230292442273945964
261297888227055562
838510538915156680
578797374467665892
686267793432830355
560423103046988714
375251019362226453
865393313236183200
621225859675936747
816240163378160810
579883796806171354
6817101499178026
123903387574530496
468047969743054314
903779325988000682
126871110567117166
893449554446267676
342911939925444938
674475109363601552
568404894675190866
984801267871682548
703290203402311800
141774956072327096
313330252280962987
223345064993216256
505694954521813090
786075085542096772
235737576053889239
974768026042962736
551114013093511584
716915087925234276
986165655010619186
443913451538053510
483624394237179242
564885821506948190
930075936859551390
505341907280539650
131278652677345734
893750702341689174
744973916130120680
676854977733578748
77453819250544598
763360025067014639
561759080945747626
203474525228098636
250701414160414202
923109543677930944
952353223067171570
335476641057424614
979088278233054202
513213410833954738
661428618696191288
554368354813191075
328340173731345750
797826015244459182
10203960984325038
177857802044616604
687695101658371056
749901968616326952
282221808983435680
789393966726046704
531698651519564636
55613857309454690
222262446615477850
256455676419402984
81218074390776146
144185664845293104
429234374688414588
682446262194102650
2580133032414230
521891806086909778
627643334969273436
858528480086558844
563114450301053778
195333340815398070
390857008265573240
112353089522550480
51064954498004294
426444092699510102
204775124639024614
240341190390199242
589391329189156280
111027949533034748
61975077002711284
166565564501132788
647633683874974479
251389775641213692
51473196642671724
581193524735994769
226123627500653976
177272337345735065
991359127512566456
149597376840836271
908093137354119876
229412659732745984
809076766224584876
126625973552741834
680542223058402682
74621274582551510
317785984867137392
48651572979239016
803917636868113134
637441235126420146
106073204612166174
659359529574675818
539332090681389800
926931790839117141
533591346078143462
974115503751606926
817175127615056148
125507150931760200
619311356323311910
469335858399387776
970859918254354932
955916926893080574
126335223791315300
409168080487102466
811243135261989146
881739474615649863
410585409807548826
371272522703452856
410026759745676632
94830869478879356
538723325725682618
816801178724254530
319756522687893727
59529563231386993
191946315264944594
973276353509323772
303823608994903258
523251396971886710
17333302315063112
643728065270959746
762755099518285414
242534992445799216
995826408071166808
228118769420761434
137593677116183688
613937560557250256
659307927044704788
671413841498411072
581577370003198368
247474817744444204
345571380289889932
821630550356143128
899070242181657320
945272456906239984
181851751037189363
17018881138316998
336702588013275110
576399071814932318
78743416176359882
818329076033290230
402197462076071920
8019583151352934
953552545881972854
508924997392054544
768245366887560318
196396666105457792
697141698408764626
675497954860834814
759339421209030976
601252435754805970
526686203018924499
464901428234599924
68873446274412392
25726144240627976
22021782479605824
779153796164007166
65146392563042436
983564575624599006
363037352899969002
894053140015980432
967358167427622510
442093219589090578
44987554697027986
930552796402030714
131184434870198998
791227529031506190
13785308788420924
945937012723261658
233500442811615296
779622186893967298
464426652216195066
370506553892662156
946030905264782666
869333820612634292
707328672239071434
518276005510637536
157673639538351417
581376828332593552
181312352288407492
955674354991396924
609246600851808366
35493655352975860
474739893189261726
707756220554152022
265921762608842220
120600057807853066
505510144809655294
372177853516868560
423324986866427142
688063828256489082
900850706797003610
28911938574301726
712831405629044018
453715572346996978
336541052628817518
30598341065939808
383960736764617118
104646770209931802
963096731065583416
209087405059161822
138192697606199948
330812347508673782
643898525440402946
314760016566768384
77171267516192814
668961013131770202
584303888105059316
653236496435743914
412090560393288886
650432220757677050
167761045828309770
357885209070245286
572087530572400880
442126693882473901
265461293554754780
332738831947189832
712745173782365822
27364963191326562
558509881191470986
528869947731475908
651660696704634784
328138972383925872
50860450877195880
765261596371957810
281959021875426298
979222190684998242
522896421616602916
788053281946246702
964206389619127709
829014358079819498
557982173019956728
520934708063301876
475852620764135764
224287069343443726
373661844621544662
8211740068824476
181132411935192232
337875462346638834
456593826778540901
542289784601313608
41277518927489568
971234453039086310
678717924607304916
293645339234200416
411005752931286092
566607877258542010
872371700478895992
881337958409485330
634357062831556470
912015517847233008
392444303365828582
853958645253165976
882534996435914206
829721379963155076
588731106030978156
543959916040643020
66844806740594918
55501192948650378
680121309127250837
65651487330687290
810740750715116766
98004397444479140
169905155578822840
291697138010651354
828599551582004810
305130590778527346
206827278311461742
289814331760767499
197795095291122578
508551941757478442
515890633933983720
491458710831480660
843692360375526508
47206329831713652
38699020855342306
507754826640097020
429200574542288904
53415816232446523
885683786825402136
311388832777238004
702084461657626069
853473628342642100
859589554343108484
43353927287913718
58353796181677348
495549546430333874
293494978485663152
879549064231857236
391925540171098094
526407167437159538
686851384012243584
794869135477864412
395389924752958044
570089410404716904
70668917799644302
740869923556857282
431294887533076944
239342324410189878
149948786685640958
578069565305010962
661104880475281520
195568295846213076
830908392367596992
417174759149138290
63206607514547438
718402004099229728
876289009766366486
398716184985226570
169729536488583966
642381064151313830
1035777253727914
936467023707617376
175397414314905258
670292589384100686
120305861839046988
402504840131593596
202561989567867145
57173488255719038
829421472163881465
604970307180400120
696078412654684792
881345647750196650
394777861167539024
66778359338593160
748488001417963944
986733351528003036
930043208920600810
232528243140603882
231318102167099728
246189326641362174
751080805902262270
848700019700139624
967607575795244736
187839463464868972
164755697071144606
271074694662317160
554647917550559064
976222635894912500
544225217373728066
571178405525408385
976459635480634584
118397103327478090
69199102964991978
773557410826616832
957347630974719324
16826374172698210
635992370002766846
132144559280237010
458289371022203874
17999423209345866
636893276644445426
616070971154089188
758355285463605266
313457612321089662
912794070029815674
678943075730895338
239997632981196695
680393591296298554
838631683451893740
12236029956843606
363799594269289670
951547667721373137
648518951854423036
245506684585701580
979639850014591504
385712670492854270
926190056811261430
391694451770783984
426083794126254086
992594128550654022
85458065095260066
30910998611013350
615608151340363088
773993789736115794
628012270131860850
229836301298677152
984652657650662894
550191179119503274
305004359698411846
808138155079253476
462561964348502268
327330649970220062
188530212674694332
211389033903532658
955229468209072324
119830098106871402
972978650228335278
211961188701153354
817683479609342365
979145363738165676
461317097008202660
289541876924012510
64783824710499078
249845547080957308
337478094269869280
739815653391743600
356055202127436214
250113113383697046
94544021186569852
236810540702605424
575468583530752512
874608291060005966
733829247844105916
174187477412374778
397367299767175934
557122823304995872
631578427918049520
368457922589498147
216250634105342404
602503105720516132
883660972540993006
759666932141579762
560796943253008896
483661758547308094
813489659148718924
316893669753084493
969975369505466684
170502760001114708
766884687198106988
153382037019325550
197531774761508854
854354766091651624
777300545030221820
577553806204459008
3558557503419172
103820632385606852
415609372870814071
932358086463604718
677798521081661596
351945730084776092
237302718860586816
39013211925121022
591210406480939238
820895240214458676
587909789283985532
103882996052847718
517026447627002766
373957867634045566
969430877885376864
37991609478167346
434078430666803998
511569763429728186
452116754625174282
435441339519410866
601712756971983664
953177884562748150
538121765760786378
591032606622604458
387838325568899054
702867660097581968
958774392829087132
265659389522939192
348113433905104766
600216215135265922
140744765520890114
828961639018151344
957812477143139574
14029769871126986
832970874948275208
328254928914621230
773627652330621586
178504378622550654
516706593475952242
164330972816017920
389078135860487342
737449595790813938
495138302825025024
725133393112279140
399588562799046592
613694903048320228
290975682585681904
717697011859199606
542785514331471832
423758654852008674
435105293318055979
630131306563957392
733149706505481824
38491684682478933
775073216337084880
658204044683364908
617087144666484990
401254883454121642
460624525544003270
697675175664866114
674320364105804170
521030636692272487
807825799372967306
771047384167872242
547104419266992040
200020314579210075
299962526001913321
73926703186215906
31415921362370142
31973684203473158
561835435677385372
57191331704244798
130690132455809684
241519164458112753
919229331415360982
769760404414566320
783328879989466878
644498233655675072
908746221650926483
297422386932590050
872847736385337512
46603970543663361
537337254463320308
712736792374653302
130521013595257854
510251521103988778
956013590588567634
397527951959759868
580395795523216394
854182720289232848
244352127025424922
466025050882995108
902418671716226970
806220221992430718
729337652231665642
823926439538436854
140349358385188700
232676402991726612
862705052749018410
266332930762010178
235785116940048376
262263319693487102
197476940617822450
897819384862690494
189849113337012086
771884458789506495
333656302990844826
103423908084981120
671998615878657127
787095308212072514
88633108652589280
327832287055114034
455414961786798118
510105169511023150
508063174575332726
