514741
107572849
2084421054601
89726375923395803
693998359
40699
87012203
30360269
66999853
451871238802839509
1579415216789
35510114033
86489710413716761
568025477
230716968393620063
324328286928103
39451
197683329736301
1707004129042123
78300988120892297
349099
58072459038228641
19150951
62680758099283
618241250184563
5128818571
307082441113801
79187198186689
90997
3889373
30688487591
166496770019408893
96924110822351
110020648184149
119791649
4099284031
114013931
9320815271569
10238597846471
328652237
119075227
26899975937215457
109458621589
629190953
14405168093397161
Prime
29705285990971
1187721181
573919951463
1141171
1011542527
227399152577
90639116898227
1021253
73685051152957373
21922347257
1598334422483657
63693172217
42216257176579
736124563093
19438591
Prime
16891397201396903
3953303639
36140281010129
2658946339138849
1143716411
142566301043
646013
3319867046927
46406965051
37924702392725539
276790165622135089
138139
9273499
193469
280711823994512957
1177943447281
1048897
139189237816132607
565588872281
108472519
1116034523347
609533
53016008893
150965874633875531
9701110734563
39657187
23932944875627317
131642178893093329
2466611809
18816628882531
107847195721
2796831871
117379753
32642480989621
599866859032913
91309468717
331380583
26088542039072923
Prime
794201529169
1999000248299
1349317037
10707661375131857
29174872817
719541703
15649
16342825693
15231820217
30562913
13237656379684403
192461
224705111
82490611656270151
103039657489729
547656860738873
5770651
63452785127
149258581
17590603
6313801939
511957013
4034143
1254157
36736738475711
12944807263
119662637
68266853
2190581369
293013917117
357893128828679
40955009
2171030501
150003353033459351
331997813577413
39638549879
96399648714096997
2073510023622593
726107117
3087547
78273750271
1166548627
1004654039
6749451972037
343314473851640761
281080868544493
8025184667
448425625560831683
10318006247333
13676313163
182606362310191
434757502021
135778978823
187713199
117346157
187471237
520502111323
4266271
8377427
12777391469
5798049293
401015223353839
5240381
59682199
235433144911
477314977
2368794387041
7184923949163089
290280085001
8558074666514939
106946781617059
467498328654359
4156296200041
2554224927599143
381933195613
27779
728168712287
89523341
86795419
1687815511
351585235471543
15739303
36544295929110493
2018282170774763
1660987902832549
542063
598063613089
602221
2940532566785207
19338107335193
199088041
2634928585113371
1453396990307
25004766013559
4038909599
14994628097
1174350907
173556931
38195076724260959
8304583450576937
277996583
943913
125889038501
1456533529309
392517000191209
59825210513
127091027339
76316980651
1001364276277553
5055856829
13806880741
142501
2246761311737
16222939
121369
12365407
1834456660087
162315538616270441
1604514199
867783349
3459853
172129843439
146389512596687
715794188089
9596389354162097
39067991
152977367
270462986051
21620517158050199
346667
36973047187
108527173211
2378953
19965487
15036139
82722960101
884128196959171
52532287714623533
672783516328289
23424406523572889
433878925858711231
2319075098091439
43962324473
3041364947
7672765428159343
1782491093
6764253203
6780421189
186828419399
463107739
15314735389
610520867153
131774651853325973
40740840691640821
260450764363
1597633987
357690283
44509333237
1393019
231677758691543
35073497
90054218161
1629722246535667
3616595051
1560927799
3465667
25485672531247
82871654806442861
5009591619973
141703141
234790559977
1039974191520067
615997
1245493213
472072680823
26633506907292371
108539362457531
1834067897
2734738130501101
543874951961921
193771
4729297
1069697
1160101457257
355204643
92778854157139
2715199499
155485766275481
5267729711
16310219
156779683381
44779703308531
134024201
732152369659
13470876421
18844933549211587
711626329
86907036263
4961791
108742539068924279
6499706957
31266600481531
12415475251
16957260821
947157469619
9795108498893
7122203623
655867049
1377248339598541
311056525315907989
20938213
5924305179619
490320991971082543
825832261
154147359341
55076607661
1167961471
51262633091
25061223584003813
2604197077073
70484959357473449
18810093881
3671307691861
141121
70728806927326967
4899547
356580551
2893358131317677
2323039
126668849
3585556538312479
22105053779
367724143264373873
3657212512727563
24932607934767487
56375201
17801179671577
8938677383
160150842539827
1075093
12616117
53350849
32077
250766098819
817050835751263
240953
250965706249
1584964327
226734934540033
356730875621633
39834108539
1059675526487
16816031
104059
13932988697
123534319
552686307349193
443939
58795019
32371933729
138415362287841647
9753114379788881
37940644667813
87032714460876097
10989946884953
415416821
949270355875837
7895227
164689037465098903
38164144472903
85903
76695282953857
5845917364592443
23799220411
1325892871
199429
42773
18265315161491549
203789
6210433
390898931
9711876439941029
164893
800921467
20444992109
249879135350796823
7029877
7696753
176455784531020537
1234888451900633
3012148957634581
121368989671
24532980747074207
9918094610573
1664083469
1657673
1848677
7845791
55786022081
949978493
812413938977
22882228028571619
4575380882257
30208233443
94158829
346972922797
126285869
335352803
254326658317
815148783299
144953841252019
796285283
1179810440987
131474368301
498439213
11624695757
301241
44475828922210331
52578157993
311439637
15603090098957
217470972229992353
689327621225137
1888096100119
1311477379
62129
26751493
5608739551
48634125601
11496678313
379681177
5016113
3828661
8517236857187
229532477504189
599806846157447
710608363
16566349
2545366631540303
8756843
50668547
1739533001
97331960671061
7674571800433
5169924230087
16923397559329
2297143941577853
6989862683
766334357
18094767871
7457287
175033118228225857
709392328457783
503026572427
18936886817
1932109
312860325558066283
4522501
2705205049097
45516180881017409
187722541
647765207
13308020881
2168811527
500261601954347
70294061
2183650523
93889358561
191579911
61561
424283939
13194078793013
5602363696151
62553466199611
36017869
78948791163625897
338146226225387
428970387341
551245988237611
162927145869068227
266449633781
88830128327
361394119
16513769
4193892804418511
495583720368833
3875401
2357267477
59906933
799978221401
93018027191303
36810227826433
204723829
2878806101
64876243
6696028783604309
25681351
32998659739806641
178391496139
3909589
58134356149
867738347233
5843108273
436588099231
601766321951
1046556353621
13116528793
14938776865483
1978530579548473
22602352301
23633268341
859848113
583692423115273
404166611024327
1160012511379
11735693867
9380352188351
50092420573913
20008239593
38996519
6987208919
49216282768453
10021577739343957
9661
100651935341
1553115721
1357817
70003079
1960271
7815234969293599
44326261050427
484934469301
155399
1520482793
752130183416257
33415301
169552943249
1983596917
74974157435555219
65363461023229
19358932520626847
1646971763557
4714536773
104004023
545203
3011181302583743
1466924120301169
182690931221
1058974711
4837060702090583
3604283
11997399977
15973238837
107177205294119
12335850125617553
5820536290867283
99814709
406140897203
414404432653033
304064783453
108613465350617411
5752219796369
56901790062737267
25409149
6455837
12052190903083549
404117449
387866483707
476032269847893533
192727285799449
1128292529202239
614839777
655680504061927
39923161760873849
38720763933001
107805023
2454256278979
155456981
24760951
98708224081
35337872813
20863399
568904989
32460121
1230167
24263291207
31875412724261
24053460635691359
8233696873318067
4604092153
65609
152128517126593589
296241013
1211280977141
398023398812717
110247353021464403
1791617183
9807319303
2860413691483477
145441
10919675740439
23639143703343793
284148547160297
9292752643
268491049
1219424597
1261487
10914801158603
10312257697187
1586908378291
3038314753
838881052211
34956931033926271
44725918683075379
31031843
1925523346183
10937689649
34543
58838125477361
209904999361
17233717193317
22781489934563
232168394844259
1613734833567047
429840786141947
4697135690851001
561735391553081
2798875367
2617198627861
218097643
464571497426417
10470165396709
68332777
2641809997
4926749
8821151
5178386215103
21461028019003
451481
5149780291
47259203
50969823397
17937989767
329516417
31735279
63803883889
32634523
3009013961
2586820447643
12540389
1476223475767
140681
133804626167
4450820783
463470794491
609143
2208365389
6140965034060443
10610626837
17189299
33100774006127
1706726239
12390151
411408149
10869161453
73640401823617
7532118827
1764046399
766233555553
131041
465570877
21102474943843
16559261003
8426397323160673
1247585546008031
68710217417
1143086841778253
7679653811
132715110743
1641018781
129679097959
183652247587
289237709
188618129496236773
460166018031733747
2377101827
38619653
4712528189
884749651
Prime
8665125181
146842356061532839
20563491881
3517259892451
8826164051
214007
446179
3975431431003
27094112173
1935239
528471179
3396068479
90809460574177
25852884914967689
3968203
4760543
233371432764427
31268551
22213049
33364446918541
1907871787
6498553
787447
146562384876287663
510341911
113974033
496131608209
583394261049179
59291009
988342799
191161
451663
91941173406169
77940517
275203526531
76188781703689
189150222593
556960783297
6833314660829
4770725213
73772827
202613442463
44637097
144387007
7588791256471
3461817871231
25674797781171907
104857351
163308433
3622799777281
4261683757
30515629471111
3580817363
205496393
29649341
367524200932211
16538143807
12276497
136040368744029521
65539
142888503128037437
2290597063495549
258827
43254951667
456167998471
9312772229
1657048896148913
19593390640510663
2383343
301447
1153498153999
98841639533071
35947321067296559
1635364319
6304282480651
1490475971362591
97948232829391291
891523
456259960411
924803333
433189657
20647904209
43431749
4863346181
227038043341
5388470149
820409
78038390086183183
1896887320765847
5021113915769671
1309468187
22732547178564469
24532287699424247
247403809
62266133994373
78946182579808259
2381102489
9675889
19511732629
52913900506567
88081252291
2645909969
61687428424841
613107601751849
73359147052111
291977122609
7196129929
284269
10407123310861
8830555859
207239
14650478853203
21413054848483
Prime
1008180769
1194325974019
2967893
2457672537443
397591
899645174424713
50452149851
2072201
52894073
420262869438516407
6432951958343
335312099
111349285721
2226403
82266007772523481
19677030883
13275184594720127
11243200793941
42690315106093
1061587575431
22742886752507
5028833851
3809114963731789
1100035442940611
2698099
9739828370268967
31557959
6434691584473
16951857241919
6117779
580003421
4367819478101
11144322730627
136472201
1295403091
10702619
2934051931
1052031901
5724473201
327407
6577395575263727
945768960873619
25223383104251
3169
299138810041
65940101243
4684626763
36630829928929
9966443083
8014056771619
97743881
23502162889374809
1187151518838667
15503659
18617323631
Prime
2341654709759
34917935119
2434129536703
306389849
2780496731261
10723
5251211865754711
808255771
414053
18544087
76028940301356857
339624888877
247809403
65773498333603
173974172917
127462129757
1178105921
101031128837689789
162671
92851331831
192640207
5046277949
9115083848341
3742522631
1345715348213039
143017587724859
213682013644855313
196382393
35001682159
13269002527938011
27004727
65634329
2632082452381
841493993
194270723
19211407
63286903591
90787658171500753
6123488387
137251833071
119459792261
35303479842266267
42410477
3034737619
453110857
578775889
249411966491
52461787787
2973130826507
160431701717173
8308369607
2611651853
9638146213
21861217057847
60664798739007839
57683779483050157
10190641
6785581939
2109427854953
947311640971
10244044552283
37571416957
7666541531749
2824619346181
3256303
2086463777689
1842229
154257547669
3566897
1903933398391
16824592163
1588850803
2365093326398447
147743
3032642521
8164801567469
3244509588497
312153668297203
8369587
19850920823
357725197
36765697
4174082898221
214607731052051
528259227871
14930700377
167873603
245144794813
187332088636251521
79842048677
14666716217
2057371039
125511784390766633
221317
7296336619861
37855361659
6241429906405823
125127311
208654051
13482028355245069
563362229416111
209232011
787859473639691
19058859026509
1175615182577333
394242369480003977
766946149
6806773997477
4319687
14770355921
4856074381
6677455571441
2712115905113567
387325725248807
34108399567117
13367904568420817
2127322382683
2513699
8511856987987
2504413
288176699
4615474933
168473793049
99446874647412883
240433301
731572099
49401996727
427272752703934691
14125357
3209638937363
41965175420419
197774531
283082014343
2566667
6342037988959
1520989
44015739733240117
10376701
59416304996567
16774630464661669
36288940489
343673947
1627208753
106084081
23493389
5755647847
932266353362329
10256473
54497
6359
11032225679
2364846915049
55297159
5437291481201
14159118377939
553938419
4008845317
13186810843
1914709
2307514903
7450909
7247137
102272854457
9023417239
274212356929817
50840399
127709
7397690512981991
11259696124883
17389072420576231
5530458053
Prime
999891181
1073886989347
273855275808605119
62733413
18456428022415213
37854976561
9180251
25517541537109
6485659
451195335453791
80851261
64830189947119
7161913247
15400031
946298723
266188959594121
1005900253
5641352732903857
148139
818614964686927
3726012740363873
258241
Prime
15092089
45922782733
277008167
19695016221901967
818707
1045958658270859
22359769
6176413
5042291
1487388006161
69621729049613023
2014974891319079
103451254452409
243604177
1389416822579
31282731349
7955719
42153267407679611
2816994617
751411
591612419
91609328081
148140184957
13983060037
374122410231125707
14211529187
1333743869
12862351
32572058671
4950401
85866150556093
3080058925694291
615763778561
1990072291
526370787377
1558475407
311569
183380498766569789
6818229191
4900308586561
322056195367809247
17344985680213
2310958579
258554333
126454987135859
872719391
45225929929
19213661
8378112447893
557879549520313
54126893356783829
1588795516951
293066549223341
20874344146769
28071941
54514629047
3740249453
451732457609122867
35563299041
5412271
510792277
1036536079
303150353214970553
7913772107323
17453851
1326832178286907
439207613610709
14926979
4676724769831
423417881
6348475365055013
62956219449373
3505921
2142366953
7462619
18751912108823
10455608481488983
933046427429
747939386314793
1569528351710981
26003
14820709
917016691
111728871629
241719301799
5146644882929129
170175267229937
609773881
2891112311
1495369
206985799
5085038383
9322561553
10613162652311
251268084637
36994817838721361
11953788324953
90533
97679983718310619
25098127821671
89749223
225834867138602803
7542451003069
376070143
137118257
454520508199
3118932356671
455747200145219
54331921309789
46134614219
292485669337
1221227939
6630523
235234939150217
1595221997
374310244712483
420937516745479
35659927
3337379
56534473
44394590519
38079659111858687
54922327
255688374107381
112655356878009263
400236689
120177174613
579980840729
43653283
269604591427
91147610912531
173626137137153
659713
54934541
281359901
45666656141922481
90847283
215398577
13708716882557
37624314151
14883419
688596686857
8355321123513547
4088267
106949923
56186747
6030421
70938027243938963
1030033603
305075795402249
627060593
594827
35946444963719
12721644235658173
32487677817053
577284959
1265598587743597
273602897
28512236961540617
272009
49468706431
72492631
28311841213
2222023
34092239799349
55829224861
636789025247887
38705851
402513655607467
135731
44094041402825171
502058594641
50242682144309
9751113046933
8362027
9625124183
3778911769
284039375848115087
829097
3915335921899
28506847
13448927
73988856961
17494238425177
144523009
82565630843
2768255933
27024961
411301784643899
1217202971
6878590935353
8512597451
20310570149
24797529881
45804579599
34061
50782456507595497
6133866097
841921
219376166557
43355617
24792357314385119
117441811185173
179813119
