5000
21880 25814
23892 24652
7878 12959
22698 25257
13877 24983
32086 6555
3371 21323
5384 11970
28909 5888
15953 2334
5300 5713
26456 32466
516 29978
24782 21543
25401 10389
7460 11219
23651 2499
28667 19580
26195 26382
25052 24440
24566 22828
27689 3287
18914 24390
12627 6307
24623 1626
1358 25958
1672 8158
23106 32749
14977 19366
25988 6220
43 22791
4292 3106
31975 17213
2952 26142
13431 19722
4313 30402
7259 32672
13627 27239
31066 4289
20707 130
15199 29733
23077 18469
19334 7196
17452 1481
119 11636
13805 9802
11507 10909
11613 25395
31916 23051
25314 31804
4954 27612
264 10769
8715 8891
1142 11861
26298 1028
22560 9447
18980 21288
446 31332
4055 23636
29308 11245
19596 21069
20467 13354
5814 17311
18776 18830
9563 27382
19699 20957
20771 24268
12755 12012
11183 25668
10689 18601
8491 26966
3954 30810
22567 27181
25857 14634
17314 17869
5788 16865
7016 17913
21885 27635
11935 24148
7963 3004
17564 26310
17570 7690
32763 21793
1697 28380
30702 14853
6403 7529
31701 1281
9025 8548
13583 21498
4310 13695
6928 20945
17906 19246
28084 26688
3186 27565
10707 18693
19728 10820
11286 4675
26839 3018
30217 4645
18139 1896
18801 28100
27174 1183
3551 12107
9205 31372
13445 32601
13861 5227
3657 3494
31208 32603
18456 27882
24252 17760
381 26106
21918 22958
12658 1588
31866 14885
19830 27934
7655 18968
26335 7498
22801 19026
12914 21629
1526 4699
11825 12047
10710 28407
22900 6805
4068 18928
13115 23486
23106 32533
29379 11131
7980 643
11863 12131
26228 15395
25705 20821
6958 15476
6881 14943
17836 11915
2229 29918
8621 11096
32186 31207
25809 21034
31930 11750
18768 19061
15302 4229
12524 4820
32461 9168
29732 16714
110 20118
12715 6349
23819 15890
12824 6149
13343 2762
13279 25937
29649 9400
13184 15371
713 19112
1022 16141
15426 4321
19347 21619
29280 15111
14498 28323
27332 27968
749 26251
2399 30870
3336 19242
7555 18077
14862 19026
1344 10325
19346 5804
6893 3153
23512 28412
8453 24601
18501 10918
8245 8398
8213 28530
27570 24332
27468 29836
16336 14868
24047 30415
11985 5675
19315 16962
20474 4669
28278 29923
25837 198
22701 24228
26930 26611
7966 8884
16407 19716
5775 32255
29882 20212
13374 22264
16484 21596
26322 31382
19224 20629
31634 10908
23148 25628
25557 24862
25240 23611
28345 27969
11725 21990
19224 19778
3528 2020
26040 27066
19366 30767
30658 5664
18938 8348
22902 31375
3357 18110
27932 19145
7621 2824
13886 28285
31193 29491
28948 32453
1924 29663
15936 15603
16009 15741
14012 26253
31702 20588
31760 2710
13147 7266
6344 17423
29724 12046
17701 32190
29317 13820
25619 9006
3326 22456
19547 25335
32448 10294
12826 26175
13543 15473
17522 8577
31176 8531
21375 8846
27268 14805
4748 32721
27358 18535
19079 19670
2889 10130
4275 14350
5445 30172
21917 13772
12780 14572
24657 23700
24264 15342
2509 22165
9448 11577
19638 3188
17971 16175
32074 27979
21756 20581
15766 30706
27094 24325
489 27005
27561 19312
14728 13573
7685 11815
28579 10412
27063 17643
30856 25563
5018 15139
32535 718
21936 20863
1654 9043
3697 10459
13318 9934
31331 13414
30101 21889
11243 5891
22485 18186
13667 28655
8460 13357
14700 23204
1038 5588
21894 9726
32617 13652
6878 1693
15583 4594
2406 18570
1305 16294
16683 17437
7065 8991
24036 6686
5873 12038
12486 31530
2354 1671
19616 32344
3240 10510
6179 19229
2244 2894
23169 6765
17242 16776
30267 21283
4621 7946
17971 17827
16391 28406
20745 19134
31725 10820
18084 18902
25105 20234
31759 27202
30442 15611
22919 29683
9666 15150
28370 9048
6063 2850
8658 29824
30404 11518
11097 10623
29064 14621
22079 4114
4775 29385
13490 19078
16616 30791
16334 8149
31583 13333
5485 5907
9700 29551
18497 25096
31172 17943
30240 23327
28342 2902
6302 6783
12304 20542
17377 26231
29242 25395
18353 799
15459 16554
26319 9532
31348 15663
6280 3173
27458 4269
2185 2148
16136 9962
18677 28127
31252 22865
27317 15928
28608 30196
28688 1713
27044 14289
19835 15060
20234 5204
27826 3602
24738 542
26119 4266
23672 7429
25594 5068
7714 19292
25867 6398
3902 18548
20428 20672
31772 14434
3386 27755
8375 10499
7501 18271
490 9278
22990 11101
26336 14217
23401 13362
1741 5295
13571 5782
16091 12240
31054 20051
25704 32425
16026 30634
1902 15637
5358 22514
14658 23252
8791 22914
11138 30348
22912 32465
15176 2573
32387 4316
15524 11225
28159 3272
6730 2532
23147 5321
7559 408
29609 26690
29306 31004
11486 10030
15488 24022
5250 25790
20208 27695
29363 19779
24073 9366
8655 25423
15400 4551
21825 6167
30526 17485
17051 17180
27266 10053
24806 15627
6243 4710
12853 8673
24769 15678
19329 32338
26460 30654
3760 27756
16013 19449
19191 25464
10804 27945
14178 16161
3825 6131
31665 16856
24983 18412
15206 5750
10973 26203
22300 5411
29527 22081
22554 20343
11173 406
14888 10208
25835 19414
1954 30788
28033 3516
31690 3047
9707 32333
8034 28814
8715 11545
4987 25317
27285 29118
32392 23070
29380 29869
20406 30427
5707 13617
19584 22862
13199 12461
7293 8862
13843 3877
18301 9613
9523 30975
22997 2649
2838 31243
8951 27103
18398 5570
16966 9222
9505 28875
30248 30043
15773 13252
24924 4089
3367 2878
14990 15276
15589 26889
6696 16726
32701 27315
23148 9617
4877 2379
15808 30357
14237 30314
20296 12637
14034 19061
12730 517
18468 26652
20590 25463
27345 14630
9909 25158
2003 10353
4460 1754
28688 32052
24273 10958
2770 31624
4245 15766
18550 28199
1074 15461
11624 32115
30078 24909
2383 30650
3968 19881
11908 28344
32643 13240
15817 20061
15978 17290
23096 20689
1091 24352
22905 29622
6687 22991
17464 21165
32288 18149
15062 2843
3539 7055
4703 3373
10944 10234
15805 32281
3392 11193
22315 4007
14735 2407
24044 28913
19234 23949
31804 15462
2619 31941
27015 1813
32698 7456
15577 29993
31542 11974
17302 30639
16204 10204
12395 6048
18487 18347
13956 29211
24737 5374
25855 18930
30905 7115
22177 21096
29574 11798
2504 5945
24187 11283
29857 9691
18251 6027
10651 23556
9215 30336
8220 32620
325 18708
30066 724
27403 5799
14860 7239
17228 22080
7914 4256
31530 13870
5970 22604
25150 1775
17093 337
44 19792
13105 29327
11386 16342
25448 29766
22690 13149
29137 8665
16485 15103
29533 10450
29795 32567
29373 31013
29417 4166
28627 19129
17162 14294
29542 7204
17905 3550
2841 3767
12917 21701
16798 17338
28398 24778
26407 7928
15687 3747
15901 4735
27989 3428
24597 22433
2407 32675
28416 14654
12575 14298
26273 21318
5760 5132
8773 27513
20807 15532
27310 18289
31871 19130
8272 9187
21072 6447
21952 12578
14872 17819
28265 14564
31933 9229
5505 20809
4929 10803
8507 16665
17302 5570
13886 31053
32692 21016
16215 18386
15082 24865
3434 10121
10609 19319
13231 20882
7751 23501
29722 29642
31546 10637
20507 12434
26435 14016
4488 19411
16150 9519
24536 10559
29687 18119
13713 32729
19663 3394
18947 26295
15743 7428
17207 7942
18548 1859
17443 16208
7804 28523
11039 9210
28888 8129
5277 18705
10642 20806
30228 28998
32273 10974
25917 15926
4074 15281
24450 7663
4089 29906
9652 12720
6065 26143
32764 4593
11440 17000
32276 5027
8854 28371
1974 29369
20248 8574
20821 1511
17488 21351
2316 24490
1367 2441
20436 136
26902 14664
21241 32409
8025 19471
6607 17990
3109 1592
23457 22609
27980 21804
29162 10518
32318 18635
15047 1296
3618 15374
32685 7838
15398 28906
13399 10503
19987 9080
8707 9404
21796 22612
21214 16606
5400 27203
20925 30208
24966 6936
4621 15918
25969 11224
5133 3630
2332 16412
6459 29701
27167 4279
32011 32446
6587 12697
1503 21350
5483 28403
16948 4955
11707 1436
17945 30663
20317 15028
23782 18023
25210 5767
810 913
13382 18099
15589 1397
7895 27534
7160 19619
25399 21698
2777 17869
27064 28986
12171 22734
23687 30274
31438 26860
20612 489
14227 10842
28753 15530
11954 28929
23977 15948
13023 23681
15604 14855
10459 1394
7960 13800
24551 4079
15761 20855
20094 18261
15556 24470
1859 10056
26768 22444
31289 30199
7975 25091
22066 21409
24092 879
7818 25433
9661 11313
18708 28934
9890 11802
30805 14509
28038 24052
9712 13043
342 25629
20834 2781
10120 117
1775 8411
17070 17786
21212 16133
32587 3762
29919 25252
17125 13898
26580 16116
4443 19964
4529 23848
23673 24374
12220 32175
29130 30328
21244 7862
31405 32253
237 19438
17067 11167
19576 7055
14344 1525
31521 31901
23192 17598
2691 14954
3284 4226
10745 22876
31533 25974
31903 12528
3489 7585
14201 26367
6027 26173
28657 12352
14783 9312
11911 31247
10966 3291
6596 24940
22983 29538
19823 6983
7864 5358
12804 12795
28179 24928
26722 15384
16859 2151
7620 28773
11585 19875
23538 15141
20082 26635
10681 14490
4788 28812
3992 14536
177 9202
21692 12411
32018 31756
2095 15243
15696 25611
10828 5215
23751 3116
2678 9392
18445 8343
11529 5007
29313 26502
19857 29866
2599 2729
20794 31947
7603 4042
15752 24481
26851 17581
1864 15043
15122 8762
19911 12786
11275 27357
22081 8350
4891 2094
23452 1196
29802 27597
1622 1655
22666 30608
8381 16917
16977 12513
23390 13787
14052 17249
13759 31267
3093 5842
24401 9804
28911 31795
9376 1795
25742 13868
15565 2497
3893 24749
2878 405
12698 31699
10644 10532
7812 7691
19933 1518
29336 4473
24843 4307
32368 24731
22950 18389
5870 5673
11965 3359
16336 13376
30498 30535
25732 9920
2263 30416
4925 13555
11459 29939
28230 13935
15017 20382
18327 3901
12635 22206
6822 14138
7979 11962
22655 20670
28323 15423
14871 4732
27510 32067
3293 2217
5045 29508
11667 29025
2374 721
9564 14406
14227 27724
7446 21866
383 16878
6889 4975
2974 32523
15904 236
30373 9368
27960 4371
7711 32490
10807 12177
12130 30912
320 19382
11458 8068
17763 7894
12548 15566
4025 12783
1814 10538
13489 26251
27133 15387
9125 1768
270 32096
25777 8535
27745 31605
10436 13026
30083 27485
8183 25905
14443 30111
2590 25519
22703 21647
13725 3048
5880 10190
24702 32053
23220 8468
12224 19356
1034 28205
12529 23026
6675 1090
6655 8002
10567 12378
15179 23411
26165 4384
22527 32548
26744 24039
22690 19163
4582 7915
3049 26975
30218 15066
27088 2402
21973 32147
3306 14947
912 31789
22005 4307
17173 31291
28082 21879
31295 13390
6388 17421
17823 13244
4854 7474
17776 4000
25073 3971
14029 16162
23022 15363
11554 24825
16857 22973
32737 7214
20184 15530
16502 32290
27099 17364
19580 31186
29555 29372
20529 27738
31207 14841
19751 19128
5509 13091
31037 23763
24374 21487
2510 10684
13653 23707
16168 31027
17089 1421
17472 3693
31793 12343
13988 20
1992 7997
27312 20880
17130 31194
16389 12677
23117 7808
6711 412
10323 2238
20934 2951
19863 20071
12624 1855
14277 30705
21252 22160
2736 14363
29274 6616
8094 18130
1537 524
3814 25430
13849 1019
30654 16793
675 20695
31310 26344
11830 14321
6153 14796
16627 21956
28220 18739
14267 13365
32487 3787
13215 16409
31693 12463
15767 14328
18375 1605
29303 30736
8797 25702
11040 18333
12695 29888
29939 2904
24081 7289
28300 318
13646 13845
23724 27026
17998 8858
2934 16677
11363 30194
20447 28885
15424 17040
15712 5716
1875 18519
25581 18987
10581 2743
10795 1790
5151 4633
6110 5649
19903 23677
9376 9483
21707 16737
24281 26874
7925 19685
32491 29336
26080 22062
15021 6093
13874 21768
27931 5748
29931 15055
26188 21602
20213 21135
30628 24740
18171 27754
4170 6665
21887 22586
32220 7905
20263 29560
9570 27139
1368 20061
18561 16661
21766 11334
10994 22535
6091 25437
11314 19937
11062 24438
10618 26303
613 19511
15345 10009
30166 10876
10017 13384
17786 21753
2983 7750
267 14370
12847 30390
19104 16711
672 22820
10111 18692
31636 18573
21298 31960
15883 1570
18653 3092
352 17737
30414 7159
892 24805
20566 18199
18761 30167
12759 11266
17257 1733
19231 20262
11049 3353
1012 21486
11184 6989
3824 20782
11133 29799
7824 17601
18960 15551
28807 27249
26086 10248
9048 31254
16043 18574
2595 4354
1964 25533
29375 19101
32395 28643
4618 19533
23094 7991
2685 18585
9753 7193
16644 15757
23955 23195
29708 29280
23463 9025
18653 30804
29429 15109
17194 13022
16872 19614
23270 11015
5936 30466
9306 12818
31347 9514
15989 5983
11583 4885
31587 30095
14404 9231
30561 23273
22720 28211
4559 20732
25146 7983
31878 1926
26739 7751
21869 9877
17818 3997
32327 3052
20671 7343
9935 30632
22666 9761
15623 27684
13869 17085
14285 17689
3223 12216
28591 18954
2026 5686
31232 16351
12592 18961
14891 15824
10826 26070
7496 18820
26152 26641
13293 32378
12608 13771
7751 17577
7736 9808
32361 23139
10982 31798
25827 13695
12667 28570
27543 32695
31227 11693
29384 12879
32753 29040
13428 5368
16480 6587
8676 9203
9212 24708
16257 8569
22938 5982
29417 22107
13542 3392
30530 17894
25940 392
27599 22793
6489 18495
12480 17594
25050 927
1615 12181
27109 5842
8712 23238
22175 13821
11880 21034
25469 14205
26794 26545
3767 2673
20702 32263
27130 30328
8251 26227
25438 2236
31158 22015
6807 21039
2260 13785
5743 23316
700 21241
28276 28610
15760 12548
15597 10916
20989 1136
27923 24453
31505 6122
14718 19466
10317 8436
28382 12672
30204 18387
18155 15320
32707 26280
28575 23024
16760 17373
4770 27413
31287 19394
28934 26053
17843 3448
26420 23481
24523 32527
27942 32547
18014 19691
26327 3380
11615 14444
22776 16865
31020 18894
21989 14567
13083 22861
14039 24588
11350 13197
30043 24232
17130 23866
14595 5733
32026 14827
27995 8515
28409 6733
29726 28895
7736 30077
18346 29428
22588 20917
8626 24354
11891 8235
31283 4590
3305 4150
29353 6411
7958 7603
386 21720
30459 24231
29139 21289
10861 21542
2890 18250
23216 17011
30308 17217
23111 21608
12511 5716
25867 3608
9843 29899
7803 21172
16829 19703
19027 427
2428 28019
29536 28437
7679 24746
29842 15186
10974 8601
6227 19950
8425 3543
16919 30664
19550 14546
22068 116
7007 1115
21493 8925
10402 8805
21993 15663
24171 25609
27777 14324
17847 31182
1754 26749
21946 2344
24024 29315
22412 15166
5492 27918
12832 10480
2135 20118
12917 18457
29095 25704
9232 15889
26913 22860
19881 15223
25960 3941
9765 17709
14492 20824
21956 3747
15151 7857
22428 18777
6388 6018
20294 3487
29817 19276
26327 16544
21655 28451
18705 7070
4167 16142
3035 14463
11447 3757
7919 18313
24990 19742
4819 21098
14284 32
19466 12411
30213 31353
30347 4165
20495 20886
19826 14917
3082 22130
2806 28908
4608 5561
5275 4586
6589 9004
14248 23724
27361 13383
2524 547
25395 20001
16989 25032
14136 2709
7921 6109
8453 14495
10608 16629
29009 23560
29050 5814
14030 20550
3685 18910
28602 4766
32121 15748
31152 30603
12384 1953
13253 20323
24536 23246
1744 15928
30379 15695
18441 19196
10465 12625
10710 27113
2868 12912
12001 1568
16068 11388
21358 20113
1292 20349
24812 18970
20501 25844
8137 30451
8937 2660
23435 31049
22091 29969
27933 7465
5541 8968
16230 12192
10306 7519
544 29473
23229 12222
32488 13094
7354 14623
17553 15130
9939 31185
7358 13431
15574 707
32688 12332
24621 10751
31324 24385
1693 10357
15041 16061
10548 17658
13944 15048
16252 12432
8077 3341
31477 30696
7053 23138
22210 11813
28896 21419
20387 13539
7769 24059
22563 17784
4364 1533
23827 8057
27744 17043
28214 129
6245 19132
24382 18733
2663 699
29943 29547
31683 17526
29379 15861
761 1820
7238 12568
17155 10762
32610 24762
9445 26352
6758 3995
20358 12079
12930 6107
20926 30854
28287 15549
12976 15598
2476 18858
23642 12738
13084 8825
5226 31267
27918 10477
30547 22683
173 7039
10657 9216
23034 20830
13193 924
24582 30645
15045 13962
7524 13356
3743 27235
19678 20657
14923 25883
7783 21624
4473 1573
18513 11840
27435 25310
14528 21465
32452 552
31583 31459
5986 31573
10065 20184
4462 31816
26987 18509
22130 31446
32416 2420
19242 5490
12988 25574
25565 26378
14166 27551
21229 21036
26367 15178
1454 1901
18624 19904
25460 19211
26564 4299
752 15825
21329 5423
18876 11579
23293 32747
10804 11995
23326 8380
29576 2811
11650 20963
26639 14980
4704 1320
3550 31775
9615 8735
28058 17561
13302 6570
13194 3724
1348 21183
26352 19772
28129 21611
11162 1727
15652 20759
16820 22881
23494 30475
14304 28742
11926 10800
905 11089
4463 2842
29555 32325
32359 28485
12439 19242
13642 11935
16687 15347
30535 27207
16909 24413
10984 12437
18992 3354
31816 8794
11417 21807
19840 32105
3163 32411
2914 12374
30450 22841
14954 23421
30933 26343
20465 25414
24655 8168
11172 30632
8842 22151
17717 13548
5869 32253
25168 16820
31911 22677
26833 3643
32396 20750
8500 6366
10529 833
32076 23516
1778 14340
14136 18522
22316 22605
23700 29354
4711 7067
6636 21452
12740 30097
23158 17461
27704 1764
4096 5072
24103 5496
14119 25411
20277 20422
27594 8819
2649 24449
8638 22602
31795 3961
21955 6072
2975 2239
19127 17911
24714 27402
9994 5652
3332 17497
1650 23979
19607 11226
21472 9970
19927 1035
32690 9208
14907 10271
26154 26415
28715 2211
31263 1321
9050 31585
2034 927
22358 17029
9412 14775
26718 3838
7654 1414
5747 551
31889 31444
18097 29351
29144 28448
28384 30870
16090 1764
24391 1249
27964 10267
24256 2031
27607 30207
19730 27524
25517 14871
16250 25574
22818 24177
19339 23615
28009 23853
29753 579
21564 18747
27952 13586
20944 21604
10346 23392
21768 30351
25088 25811
489 6717
7744 31404
16462 29271
19969 9130
8924 23849
3379 24363
14905 30894
12218 31637
10361 19470
4221 11252
2265 10853
22201 8421
32688 12998
9628 10418
1698 4480
27151 6846
18711 26271
15059 4644
9451 30134
32463 15259
9064 732
19880 15005
32369 245
16019 27080
1535 30003
6503 31364
31186 13276
7671 14310
11104 23117
21918 28884
31762 10815
8987 19818
2991 10825
1183 5021
11032 12198
15397 7966
26423 13625
20994 4225
16434 9166
9661 30623
24804 28579
288 32057
27277 12071
24975 20446
10440 3841
27545 22542
16830 18260
15565 30623
13978 30273
4047 22624
18493 942
26283 3581
5170 29254
12136 3874
32228 16833
5857 18915
14350 18022
32208 22364
628 6606
17452 4756
28625 2282
24245 5800
18448 9032
27341 26661
23230 20369
13449 19893
21952 2391
25352 7166
29761 11277
16131 30919
6639 28503
18342 22876
11879 30853
2462 16436
19693 9561
27764 32210
7265 29713
27161 30953
25454 11425
25794 16835
11525 12097
3829 29923
4362 3111
6628 12522
30029 18582
7675 9143
23227 29975
29109 29394
2774 30983
25267 779
14690 14161
1295 25438
28257 28797
3310 24346
19522 1514
26196 31555
1622 599
32573 25396
7043 2984
30697 2184
10556 8679
11639 31291
27312 20362
21173 14093
14402 12020
2871 32551
6970 26942
15526 26881
18874 4662
2651 15747
7923 1448
12076 24427
25496 10717
10630 16878
31379 15202
28093 12962
17912 1546
4767 31387
22583 12086
11343 6868
17813 30036
18769 10193
10717 2214
17889 2179
13906 24901
27017 7276
23529 13925
754 3332
26037 31450
30203 20058
6051 732
28680 4862
9575 14087
13980 14111
5558 30885
17451 26353
26038 6960
10025 1105
179 5907
22375 4012
24595 22961
30111 6173
26508 22184
10574 30421
20884 15959
4289 22976
16409 32158
30579 24934
17779 27364
18070 22031
31127 17503
25584 14378
28557 25487
29416 12271
7972 18956
11233 8260
5860 27522
15814 24797
2628 22778
28134 25512
4125 12635
27139 18792
9567 31536
165 10655
18435 19371
13236 4530
15936 24298
22854 32584
24066 1402
16054 23027
26776 2842
502 12306
20140 31425
5414 15094
28793 25570
8293 28227
11832 1262
13799 5785
23771 32539
3143 19316
29438 30564
13087 14417
539 18640
30167 275
20477 11256
24762 17828
9335 30659
7247 2271
8021 24437
4838 32430
10899 20968
5233 1391
23757 24088
27797 20125
24567 16614
7937 31404
12366 21
15871 11316
18318 13977
3912 22098
2150 30225
29469 19020
32297 24978
16787 18547
17606 26022
4655 6222
11514 12692
8626 27636
28868 21986
18998 4794
3098 11289
16762 16142
3546 27592
4475 25507
29955 4299
32580 27599
28197 30413
21510 21297
1302 19980
15467 24726
7911 19804
12840 2077
20502 17775
9170 14490
25349 31059
20210 6201
8875 24636
91 29796
15754 13444
11963 26854
21729 29680
9073 592
3106 13621
9630 24475
11430 30395
23423 5904
12704 19104
22010 25189
20560 1024
31350 22057
20601 18804
16112 10338
18708 12504
27723 19060
5446 18514
23272 23108
5520 12431
23927 11934
4422 11344
19981 724
19522 18726
29046 1448
9433 1401
9420 20332
19982 6095
2376 872
31238 15179
8793 8316
2236 9588
6643 17671
3830 2361
7978 27143
18808 19249
4863 22913
20599 19239
30586 25635
8016 26325
21753 6696
17530 6640
2503 2940
19897 24421
14320 21280
17557 14307
17748 29137
20235 31129
8699 15332
18562 19777
18600 24181
26369 31837
11697 16320
16542 29888
4109 16079
17722 9553
24751 5718
107 6156
13330 26331
14266 27977
29206 11289
14607 7233
14346 8615
28009 7374
8458 23253
978 24178
26763 4567
18579 12443
6964 29221
31908 37
18928 25121
16742 3617
29505 4090
27796 981
5847 17873
22647 2051
10081 18715
1114 14703
20131 18759
6462 12955
14280 8608
9935 31445
21498 29300
11414 2163
19761 21878
17263 14430
6984 12641
31550 24269
28502 28894
16606 21843
26939 8360
24666 10780
19321 14574
30560 21620
8518 5625
27634 4744
2783 25614
15199 21617
9246 662
13682 22638
14671 8828
30697 23665
15936 9175
15912 2270
15255 30409
22831 30863
9832 934
25546 539
22023 24153
1799 9816
3099 18692
25325 18462
17140 18919
28523 4430
13855 22659
27023 10515
22839 26111
8441 8040
12541 17610
14734 12763
17067 13186
13681 19856
3462 3861
23343 29320
17075 28710
19513 23587
12107 14258
24472 4836
3250 20211
5340 19317
11044 7812
13141 14059
10896 199
27014 10314
13738 13188
215 13132
29500 3282
31114 10334
8636 30523
8944 4588
4388 31003
989 5854
28414 19273
10073 26211
6334 17145
8600 4333
26709 4833
24877 29309
12035 10139
8314 4640
21101 9035
2923 6841
16367 15489
28004 20738
10803 1121
31607 10958
17667 22529
3803 27537
29531 274
25497 27169
7107 18883
12169 25534
5851 2018
9597 81
27704 25412
14524 27633
20846 23400
13490 10667
8046 20567
31973 899
12819 4814
2347 15286
26103 16287
29211 25410
10379 27221
8641 31144
20071 23319
31894 14833
9182 25551
5806 14575
27606 4235
18740 14533
16598 14115
15380 21930
3169 10780
14327 28649
2179 4812
21620 30508
32681 14015
22148 31483
16054 11354
21303 9344
27986 17086
27302 32141
16517 8431
12073 10464
15238 24630
3274 28581
29389 9667
17657 18492
1391 32663
21121 14909
16555 2209
18874 17337
8640 6183
2304 9155
10754 104
19813 11823
14637 8320
32675 3226
25081 19851
19797 4267
27887 22285
25190 31639
32122 10898
22217 24299
3393 23185
9322 31366
12724 3222
14693 15332
24549 4768
31351 17059
8858 13256
18865 3647
30368 26660
25972 14625
16738 3051
13209 25816
5562 19930
19696 15270
15110 23766
23788 11070
10879 6354
10652 15564
30406 19187
22493 11830
20928 10482
16335 12449
9380 10179
25989 28728
28242 24948
27137 18728
23527 4695
2143 19951
20366 29027
29520 727
18841 26584
9930 29373
26576 27682
510 279
28424 1024
15755 7478
4856 12773
4593 15048
28745 20895
8776 13216
27884 10294
32562 30394
29360 11031
22030 10361
14356 17009
8302 6196
2905 2784
26571 12017
21468 23113
29048 15216
15779 3077
26325 16236
17206 22593
19909 8733
2480 15012
25954 27649
17173 11315
15087 28636
2790 13426
2829 1278
28915 5580
17202 14020
9841 6453
14168 3425
332 15630
24562 21470
18879 19273
13348 32608
1569 6861
29747 7082
14594 28
30779 24802
17782 12595
22304 22168
28081 8370
31174 10244
8148 5180
28293 3471
1287 31265
4311 28566
1736 16954
22868 9834
16002 15893
27105 31643
866 19538
10788 20598
2662 21325
2107 3532
19639 20222
12717 16629
10296 30237
22688 2581
28255 14985
22861 16286
21828 10474
21426 27414
32503 27541
3462 795
2839 29873
12402 1700
26272 5016
14462 23945
19973 31104
9930 8774
13695 29019
19582 14588
2980 20220
16899 22456
2619 22906
24180 25592
2383 13529
17231 18795
2178 3815
20593 11769
25252 4965
5185 9987
24452 27495
3115 21484
6150 19454
18768 472
24694 22547
19835 15539
11548 22934
13399 29046
9489 5593
31968 1445
22353 16694
1816 2076
17936 22008
6651 24332
15442 21113
1460 5953
8630 8839
13841 14502
16530 14348
18741 17418
12869 5870
32397 15908
26057 22581
4613 27605
29832 26732
22395 9134
14705 1353
10867 22706
24138 16016
1549 16989
21320 32308
22837 17893
25821 23487
27418 1215
25553 16117
25569 13413
5012 5556
19866 9047
21203 8479
8563 3935
12873 7676
13611 12570
28120 19545
7370 8372
31704 6774
21648 30707
9903 30431
18219 21879
25761 3545
1069 9536
25066 30207
15036 21104
28938 4141
19595 18002
21857 7837
3338 22684
7163 22352
218 5361
30381 30128
12676 31146
19809 3955
26986 5078
31150 12482
27646 7295
24748 923
32305 31536
24326 1652
21295 20915
15184 5665
12617 29983
4763 20215
25394 30739
29511 2354
18799 10812
6681 29844
8201 12573
1421 5967
19589 7695
21358 13349
18453 9606
7331 23502
31248 23447
17228 11674
5792 6583
26382 2903
21947 29126
29610 17525
5716 21068
32213 31848
16850 16386
25156 20558
961 18580
23302 32722
10695 4773
32534 7504
16346 12051
24625 2362
15537 3965
15077 15546
21112 17923
27883 10136
14280 29261
9654 9567
31958 32719
1356 19899
16619 6475
7509 9254
23572 30103
2161 27331
20762 24992
3023 7306
7092 11183
30460 21158
12028 21483
13816 6427
14368 9760
18831 30380
31066 8382
6630 11260
20770 19749
22357 28147
16802 27935
23924 8035
3178 8622
19577 19948
13925 28425
19649 30237
2059 16865
12460 21211
24025 23016
26798 15367
23806 15764
32163 22619
24664 6944
1379 9877
12702 15061
17815 8664
25311 26247
30923 1359
23595 27234
27076 29459
29072 4839
22803 591
5448 19505
24810 30882
31280 18045
19247 12996
14972 17385
3535 109
22185 29564
24917 30578
8372 32103
9659 561
26506 9354
2431 11568
30399 8506
9978 30721
16002 6466
3054 11625
14289 22823
24414 1729
22761 12977
6562 7835
11777 9382
698 30377
27191 12249
27363 5339
1227 32099
20840 31688
13963 14897
28091 591
27534 19391
20164 20094
32037 16930
1145 30642
18447 11084
1967 5120
29420 11148
21551 13524
30964 32596
26893 5848
19689 19007
9013 2328
10314 22354
9799 20323
23242 11907
18341 1012
11777 9079
12234 15442
12640 16784
9693 30068
618 14631
14725 2857
25889 12822
16128 16055
16575 10106
20847 4290
21671 12471
20340 29296
14747 23484
1535 4555
815 31880
32101 17767
5502 5612
7347 23364
795 16275
5953 20213
1867 11585
22666 11010
28785 15192
25146 6540
3785 9376
20617 26671
31577 17735
30920 813
19237 3879
22073 11208
675 4936
14628 28143
23918 17574
27687 6429
15934 22580
17358 16511
23320 26144
19556 1621
31170 12377
2568 13978
20602 12879
32515 29927
24295 24058
27736 405
21328 10781
157 23074
20492 21964
26890 14549
9530 1324
30928 14245
21170 7034
23211 6744
26171 30286
187 1000
2558 28193
18064 6954
22330 16397
31108 25265
16698 17621
15181 18417
11396 6437
29394 11680
1620 6939
16190 30050
28744 24837
8531 19620
21597 3437
20226 16584
29978 9299
25912 24195
19979 17849
27642 24708
22641 29029
24756 12631
2104 14306
15054 17544
5417 31944
7809 2827
25697 11837
12777 1755
9730 5564
18523 16866
31528 9749
22520 11289
14367 27317
28034 9456
5843 31784
4719 13296
28039 7644
22844 13471
15818 26920
1028 31140
12199 10636
31057 11051
19741 20027
31538 25739
4559 5334
21646 21798
8955 20859
28855 26769
17328 30718
4418 14838
22844 19062
5655 22198
5092 20732
3012 5202
4057 32431
29719 32139
615 10236
31979 6856
18286 11804
6466 6585
25366 989
12436 6202
19391 28582
22631 5754
4151 11957
19488 21596
11824 23980
5913 7709
11505 19020
9459 19512
20555 4736
11310 31366
30671 13469
9974 15018
32318 29928
20032 17836
11585 15449
19222 28900
6490 21662
4655 27162
31259 9571
7619 32491
21142 22225
31133 29550
32276 32084
21874 11288
29962 12962
4465 11997
24136 16377
31003 16280
16500 15783
8277 7085
26551 19408
5820 6381
21430 18540
25912 11194
16836 9871
2516 6251
10069 19181
26061 21490
12470 4509
20968 22459
6140 24861
19721 27864
26683 28311
30978 12892
248 5986
22953 25348
28128 29644
2605 7709
26298 1815
23722 14241
2970 12481
6138 21412
12631 17161
18383 20718
21056 25262
21246 18154
30475 5114
19486 6847
11278 6399
12370 28604
22194 1313
2147 30457
32548 10708
8210 25147
25165 16551
18348 32281
24581 30338
21470 14173
6531 15403
20427 4013
21528 15
5468 17771
29726 13632
16343 13017
9259 19386
11444 10369
31882 32234
32428 18132
16107 6001
22290 6929
31321 6437
14694 872
11117 24152
19752 7776
11457 10078
29162 18806
2984 11593
22953 29446
5404 8951
7517 17263
12024 18255
32719 24947
20840 27847
21163 21980
13469 6697
12758 21093
1733 10392
2305 24535
15930 718
6015 14195
23545 27047
26195 19344
12887 25059
25742 17285
1007 12071
7640 28361
3807 70
16204 29529
22580 12479
24201 15194
19362 17287
14085 26112
889 31496
20901 16302
19668 12905
19083 1375
15379 23568
10544 30532
25996 18789
32434 32430
3710 8153
15983 27439
27206 7976
1234 2812
14294 7386
16493 8854
21346 22800
29000 1962
4188 4221
29305 25397
28579 28595
501 24299
1528 19360
31398 16858
9905 17240
29886 16459
9905 12053
16458 745
19351 123
28170 10533
15158 30753
23168 19160
32582 21582
28487 15658
29016 23808
3750 7860
8976 28979
23909 28385
5774 31071
24287 13466
23341 25411
5977 30754
25200 2785
10386 5182
8505 13514
7323 8858
20796 32155
21225 1896
26292 25288
17321 24650
3668 18584
3411 23154
18305 8561
130 13319
28350 6742
7683 27851
19560 28846
15148 27132
31651 21831
16495 4472
15764 154
13871 8228
3281 23633
5073 16269
1301 26118
1303 7888
29497 12110
6569 4792
8543 7926
4853 295
13169 22412
17465 7095
10186 26401
14558 11680
20530 9294
5384 221
22288 23669
25707 7818
9435 14153
19296 28305
14802 29585
20024 31365
20461 24873
8912 22478
22803 15433
16485 32007
11661 19977
8618 1700
32443 30245
27928 11992
25093 510
30598 31926
2069 29922
21753 28310
29763 9613
27581 9146
18513 21744
15797 18737
30809 8753
23535 19964
31491 32754
14459 8816
18939 3798
19070 1755
18083 321
14466 11626
22277 27744
32016 13130
20235 10858
14721 13582
31218 12837
11025 593
22524 1963
30261 13468
25701 10862
15407 11658
30617 9338
11999 16425
6564 7930
5852 2468
22762 8190
32707 15647
31000 21883
32463 26339
3674 4499
18346 27323
22735 23575
899 16797
29754 15691
7777 14989
12282 9705
32439 17087
9020 6248
23352 30972
20847 30589
8940 4166
29432 7651
11140 17855
13863 9048
6635 28103
3178 29416
14621 23653
22465 5741
13116 11496
3186 23383
24801 11470
6910 13481
8880 28132
13907 32324
31023 17327
19011 1384
20184 12299
13877 31352
10348 786
8219 12285
12171 12863
29604 19182
19330 10963
25010 18479
15460 9080
29710 31575
27740 12581
2395 27318
27457 9025
19784 11415
18539 27403
266 10690
16069 4665
10250 26949
26404 1247
27866 18804
25815 12947
21102 18991
16512 19151
1417 19555
25890 6295
25205 27347
29562 16731
759 20505
24467 27422
26754 11751
3221 3544
5803 14739
23261 29721
12765 20947
23635 12016
30286 12741
8952 267
6961 21810
23999 1311
30254 29203
14238 5003
29455 11092
11492 11064
13244 24793
19149 25027
27753 16575
3412 7902
20494 32228
20296 9971
8471 20393
162 14603
14941 7926
5910 17391
9302 1151
27880 30348
2696 31814
513 12188
9540 29281
21314 4227
27536 3326
15384 14199
8549 22436
5713 25828
5659 13244
3118 4111
10017 12879
20665 12025
23281 15121
12888 13702
10307 9375
15267 4062
15745 8709
22131 7188
23676 10627
9531 26374
7773 14481
1692 12420
13278 6432
30515 31412
30138 3107
17846 10420
22881 32078
19775 28802
7665 9245
10727 9241
17762 13849
7063 5597
11776 3671
2843 7225
24607 28225
25976 30855
25610 15256
16768 9520
13372 24506
931 20244
8147 11297
29704 32300
12609 26669
31453 12653
27973 27683
30443 29168
32282 28021
25197 8529
7918 24644
14882 1877
23445 4643
23201 25295
30847 25118
18413 452
5863 14843
4937 9421
26958 11455
21325 12733
3112 24180
25146 31108
22229 6442
22155 5459
14546 13116
27084 7937
30513 10964
16815 18606
24134 6833
20317 6054
15268 27688
14602 18055
13384 27241
460 4775
19219 6916
25517 30896
11134 32684
4095 9357
3209 9530
18927 6282
16372 9205
3933 20406
16818 29968
17387 24460
23451 16756
4692 23763
12641 3520
30720 1987
18629 26510
11989 873
25098 30713
26959 7245
13482 8028
5331 25169
25673 32347
5696 6620
16871 4136
13512 18488
11609 14847
9982 24377
11002 29683
30255 19488
414 28397
11254 28094
29895 23538
32267 13789
28444 14500
27740 31195
12566 17676
1375 13976
22525 1686
17574 19347
20755 31837
16308 29007
3343 26793
5391 28412
1996 21430
20886 21331
30787 11192
16405 13506
15543 9755
22295 15561
22319 17935
14587 676
3625 11332
31306 31018
1421 5106
8776 29685
25568 8477
6601 1987
22458 25623
31814 18972
4474 13894
32560 13365
1336 21543
25476 11541
2299 22675
9632 32502
9004 32066
24405 15342
7499 17549
4157 21966
12001 28792
16463 27979
21686 27375
12464 7259
10307 848
3788 16354
19306 9514
23974 1166
15461 27717
2412 15103
9725 14818
22863 14124
32764 12099
13202 16130
5092 12654
26592 19534
14817 23087
29666 9692
25085 31324
30225 5088
15763 4444
17097 13206
7430 24042
20383 11814
21938 27671
26869 22218
17443 17550
26060 29746
16005 8476
19929 14632
2908 19056
9690 12400
12406 799
22058 8178
11805 9195
24467 10011
31377 19780
21092 7296
20917 21007
15300 28356
11528 16295
32070 3260
30679 10017
17086 6354
21425 3029
2642 27559
284 6937
29396 10749
16518 4432
17487 29139
16254 28708
26335 25297
26148 27151
15302 1511
6366 10016
3261 22578
16973 18172
1416 32031
14720 17443
27597 23506
22631 7284
2342 11209
22154 25332
31605 13500
15354 7883
24440 17864
136 7055
2461 10189
11062 3781
16663 3861
1515 13989
12593 20534
14699 22046
1250 23609
25989 12826
24738 18427
2447 29699
11901 25300
20751 5510
28774 8311
6331 14743
3277 23065
16292 5813
18804 10966
6318 22127
26750 27472
4163 3623
7113 4249
23112 13590
17021 29267
15440 15248
9445 15381
18448 10121
8830 3601
6676 23129
1614 4340
28848 25532
30071 270
12088 1565
11276 29875
8563 20500
31779 25057
4942 28461
17196 10018
4302 8171
18817 7092
25160 24332
16446 27368
6356 16399
20818 16072
16127 3316
30166 32252
448 4931
1694 8431
26030 16975
15118 25133
23663 32444
2607 19984
20084 20287
8706 30107
27875 18085
26901 18598
24533 20247
15955 23355
9410 15004
27424 6721
12601 15583
31654 13143
11733 12851
29033 13315
23916 22484
1058 9228
1161 22895
25802 7972
25885 22501
14069 12746
8817 19789
13409 32111
8543 29240
11983 26584
14530 2104
25617 22979
17963 11683
22629 20685
31446 7828
11009 18579
29916 1843
6383 16152
30889 19254
8731 22631
24241 26280
1195 25977
2399 19433
654 21080
30542 25335
9560 16261
17852 3563
29773 19095
14140 22215
20667 18982
4778 10862
27790 231
28260 17652
3870 3096
15287 13080
7243 4383
9880 3343
4556 28270
7573 20100
28356 29609
5643 28636
14742 25867
24728 9406
6139 19974
8659 25555
11602 26409
17211 7114
13111 4935
28782 14752
86 14294
29852 25630
29057 29845
3130 4259
26881 32370
32507 21795
22570 8618
5628 7024
1843 12082
16958 6584
3908 22870
1882 13391
15055 17312
32368 11439
16420 18939
1377 16830
2624 17176
28222 9551
998 16913
17152 27370
6386 6988
29049 21456
25065 12451
29578 7226
11732 18625
18327 11746
24143 30159
19768 23492
18909 20305
23089 2854
6270 842
7077 28118
20100 679
6022 12723
31138 19674
25168 18798
13382 7878
23799 12946
29480 2267
3869 23746
20771 12418
29065 5698
19781 16571
15573 8634
12066 19972
4198 22838
1389 12670
1442 624
29385 8011
860 14418
15580 31802
26003 3511
20901 13990
19805 19826
14096 9883
11550 31633
6344 14651
25853 31715
26701 27488
921 439
17222 22403
32503 11495
5144 23261
31168 30741
8375 5579
26793 23605
31677 19319
11314 19787
3001 25781
29331 29814
7369 6699
30195 19246
12395 2485
27356 31690
32656 15112
13036 11077
25330 22421
10189 4161
5544 6576
4711 31564
1527 14065
8787 13411
10348 18906
31123 20916
295 32443
8321 27560
22394 2003
30214 21025
18355 7352
28684 9985
10037 2297
16438 491
28366 3585
12494 333
8004 7230
19967 27806
21553 10115
12100 19428
30993 6827
29984 6266
21658 11904
20240 27408
24140 10203
7614 19187
4680 16652
1399 655
14181 17019
1247 7474
19329 3728
25571 29202
2581 9425
3824 24722
16652 24650
12898 8641
26582 30002
10816 21283
11448 29131
6694 7861
27750 18058
16770 9259
18387 6520
24579 1916
19528 26840
15951 18592
25012 16650
12021 18584
29507 2479
7074 8112
1585 11790
29335 10497
13025 9399
2138 26425
13353 6757
16812 9887
240 17449
6588 81
9212 7365
22682 8912
17925 4438
3566 959
7694 24887
9194 24296
15349 13601
7805 9856
24904 12695
23242 18604
23642 2177
25304 28228
6550 19991
10635 5846
24340 5376
17107 13806
26218 5563
27683 13716
18629 25919
31013 535
28984 32478
30892 777
2387 9583
9706 9611
5112 24492
31203 23499
10858 5081
28961 13770
4007 1703
22953 30563
3576 16727
15663 20361
21190 8994
15238 5328
15535 8665
26970 11054
20441 32201
1825 30467
17542 27873
9295 344
25577 279
713 12644
10041 19975
20125 16213
19715 4573
32240 17485
22724 25974
27960 2986
12471 14274
2987 2442
19948 6253
11254 6798
12954 5566
19763 28895
6838 12735
28693 21103
6852 12958
19558 3202
8430 21075
31412 16492
3155 4483
26183 28060
20129 12708
6998 23769
19430 6755
17786 20684
27811 11842
29282 8127
5667 21126
27849 6820
32010 11856
17317 25945
1585 25866
20897 9258
10673 20484
22734 8856
3134 31583
1685 22360
17079 27179
29681 27039
29690 26060
30171 7069
19709 23714
20997 15943
31515 5097
11210 4698
8363 12509
15717 15005
30679 23842
12642 9062
6060 2660
12371 863
3949 6459
30404 22922
19501 26449
1905 3203
31900 2246
19894 3846
26402 12499
17478 11696
26154 3502
29728 27146
32449 7086
24511 1731
17759 13232
11921 10557
1284 22713
11435 13388
23687 2269
29371 16442
17963 5471
19006 21518
15732 17945
8691 17421
30521 19486
9871 22914
24569 18335
21426 10171
21619 25867
4378 12884
18544 21882
12311 18616
20452 9804
23870 15076
15925 15373
23138 19310
20443 29852
5312 710
4649 13453
27514 18365
32106 25547
14919 24899
30000 7554
31848 17781
8937 5948
7134 22999
24243 842
16602 2269
6770 29285
13685 20657
799 30869
12705 12080
19555 6482
9055 3893
23140 16105
18227 6939
15839 16674
9429 6269
13943 16160
17450 12608
12108 20616
11890 19924
27088 20966
4035 25782
19158 20556
3254 25402
32236 22588
8288 4999
25323 11207
5764 9187
31180 9207
30214 13105
16573 16747
28579 1719
14452 12353
9440 19749
708 17209
23360 4819
20334 10774
28602 19275
2873 26440
7786 5127
1349 18633
29319 5244
32412 26693
29333 8023
22538 30333
23772 30982
21039 21997
2072 26490
5074 18604
15474 28459
27256 13717
6319 24925
31029 18596
22440 8098
18883 29346
2554 14497
29649 3077
6142 16917
20125 7954
8188 5145
24773 7492
1179 18850
603 1009
16284 10829
25911 13355
19656 24923
30609 485
16679 9721
21711 15958
25203 14533
14491 16803
21196 23183
10297 14264
9389 8284
17943 13430
27423 18609
934 21268
6701 30222
9577 25791
19351 29368
19788 29316
15307 25019
32566 5744
4880 304
21473 28662
20229 25020
19946 14224
24650 14169
1316 13737
20605 10073
7218 8379
1128 14248
13397 9909
28280 17233
21378 9631
17777 6211
28856 22400
4961 8790
6800 30080
12499 18313
27670 5706
68 22925
17367 19380
32219 16520
28987 17314
30548 17171
19477 28711
62 3972
27257 31470
30310 27251
26830 2009
10899 9847
30755 2791
371 18737
9927 13659
8406 396
5907 15899
32026 21314
6283 2390
23270 7075
22310 29545
6428 21394
5353 17156
22280 13008
8634 1672
19166 6269
1396 24756
23651 23771
4151 2177
22506 28758
17666 74
19842 27585
21123 18480
28782 30179
3629 4029
2773 8754
9612 10952
22971 11486
31189 19864
25904 14353
22978 21580
10439 28278
3484 6521
8266 12024
27033 8214
3244 9676
23145 5269
1343 30385
8204 26963
10535 23670
10982 4658
1295 25021
20245 9092
283 5888
16898 22572
27421 27089
5686 17151
28939 358
10608 12145
8113 17492
14580 30061
14755 27547
4133 17540
31350 18147
1366 10826
6703 5637
14558 22525
9468 7117
19050 27496
31522 19967
30872 16135
3383 18071
24257 1388
10385 23125
17685 13281
26622 30841
14062 79
7349 14284
21342 30303
17293 13535
3082 26590
23149 9623
17980 15462
10756 17897
4659 25659
22458 483
27838 29299
21478 236
16137 8794
30785 30284
4278 19476
27291 23279
8239 3204
6092 29797
21819 9325
23278 19758
16848 21207
9417 565
9513 11957
14223 2458
9495 17348
19146 22196
12700 30390
11154 32599
18102 29840
11523 18002
121 12625
31982 12092
13664 14804
12495 32625
2789 23799
7935 20567
14415 28669
22571 5862
27596 12849
21765 17511
1471 5068
11321 25723
7771 25625
25763 23648
2417 10967
14271 12144
19590 12511
22625 27882
15145 31751
4518 10997
11652 16965
21034 13026
1328 6168
30587 17074
29774 24099
28110 2008
15059 12827
30705 14144
20003 26340
13185 26255
7906 18423
11613 2733
28934 11271
6746 16257
31281 6884
2105 15611
14911 2719
6870 7512
16922 30703
10657 22689
23766 24019
20818 6517
20218 20601
19929 20233
8219 16223
12436 8301
8880 8888
18117 9489
11809 6161
17475 1671
16161 12852
1648 28554
29246 77
874 27712
3254 4171
14726 8124
1933 28809
13050 29383
20700 29870
29145 8160
14188 16850
22597 16513
13443 26082
24800 16292
2046 32325
15235 21894
23200 12735
8755 28843
23210 406
31312 12322
1708 13812
5648 21258
6810 27021
10796 16725
21282 30849
19417 4556
31549 22148
2810 12627
30725 4156
31892 3951
18118 31722
18818 29701
8535 23885
5482 25189
15531 196
20975 11654
21923 4530
21032 8595
38 12326
12881 26279
27764 2492
26561 214
5815 31166
3356 4460
5340 29839
16074 15737
30368 16970
7080 23949
27630 19622
15869 23232
9576 1053
16559 23797
9028 8269
9399 11872
26201 16286
10962 30790
14201 10789
30073 15620
30978 15304
1812 13139
14000 14755
28779 26314
26549 5803
17245 16805
5900 27537
7636 25540
26122 9706
24824 27383
7478 12940
26787 4216
16218 10043
22293 16313
21210 12165
18666 2656
21829 16618
1353 7568
3370 23104
32349 7275
11821 21078
13833 981
857 31192
23255 31610
5048 5234
12594 14354
29985 27960
7382 21220
16722 2630
24196 14984
24895 17315
23034 8434
8873 16748
30754 2732
19441 9518
31114 25443
8751 25235
19732 15269
5503 2881
16111 5097
1947 4607
5061 22736
24751 18713
25654 29866
26216 8198
19590 6716
2382 25673
17554 11457
7253 2453
13321 26926
10926 15668
5848 13498
24547 18602
17894 13470
13859 1941
14338 4889
24283 29911
20250 5560
6534 4855
1453 26836
27845 13253
4226 17500
30130 25405
18587 19925
16753 31150
29029 23454
25865 6428
12081 32121
18290 6626
16871 28231
20976 10907
22521 21267
31391 10051
3479 27474
23886 27546
27682 5737
22160 9417
32226 21104
21777 26184
18939 6198
21799 1535
19613 14469
15017 940
16252 7847
32004 32644
18048 7208
22923 1053
21693 8670
15 10123
23973 2599
28080 18378
9852 22642
27122 26204
19469 4609
23060 26418
20636 5101
24221 14032
17947 2666
28471 7085
26785 27980
26816 14040
15639 9674
16799 30689
2101 16770
22612 2039
12717 22206
4179 28750
26533 32246
12563 32708
5739 1174
15202 13251
2148 15616
10491 10345
16966 4053
19034 21478
28551 12913
14031 4390
29462 9908
722 15793
28744 26632
12438 28367
24597 27039
3809 495
1668 18941
31258 3145
23652 24503
13220 28099
16701 890
17258 2833
2438 15182
6075 29473
15640 11036
22361 29622
6627 28270
6604 24915
12000 16247
31228 5722
9030 3923
14079 28021
32257 29584
22320 15157
352 3308
385 2809
28430 19296
274 8978
18499 13150
9986 5156
24123 2136
32389 22479
18152 129
1846 17039
2532 26071
27055 19681
6569 18529
23127 30632
27908 9653
7804 20430
19655 10686
26530 21806
10687 27836
31002 18610
3813 21132
19414 9656
984 28458
9339 19131
29579 5236
20408 5423
27451 27953
30935 29868
17829 18769
20113 14671
5749 32630
27175 8542
27137 1972
11438 27178
11575 13205
1706 26682
20948 10081
24031 27301
728 30876
1380 28096
32054 5583
31737 24825
24783 23436
25754 1027
3489 31404
27989 7988
24892 5083
6232 6955
26742 11351
6990 15285
22880 24564
18668 498
27001 29796
14534 31155
21537 12725
8552 30247
9552 9243
6306 439
7303 10992
11811 1326
15367 30969
5193 27165
22594 27115
19256 15486
15247 20781
554 3991
12833 9696
8966 10785
4666 12317
15411 15786
5276 7037
15534 11576
4417 4831
13914 10031
29771 18789
6808 5748
32574 5312
9496 11987
10861 31918
26863 6302
15026 25536
13289 32663
24418 11617
15392 2320
27776 1300
19405 30033
1329 11005
24415 28730
19056 27043
27082 21802
25091 6388
13090 27167
27054 21130
1384 22046
10918 15148
7076 22229
8520 1432
1843 31103
11531 4735
32611 23304
31924 20946
20285 13169
2761 18748
21922 12407
15943 25584
19354 25455
919 28580
17640 18037
29119 27357
7906 7365
20438 2158
20863 12905
3770 3131
22194 16149
2821 25923
7158 28751
11068 10462
12842 24274
11850 21314
12192 29493
15917 29004
30833 32200
6896 6014
24851 1471
29145 19012
24365 5010
13539 15227
15529 31395
1646 307
267 26146
3382 10676
1282 11565
17538 20672
25661 12860
7326 6680
16768 20925
32650 13634
4343 9211
3572 20104
23754 5700
10340 4420
14321 8011
6327 8027
21322 4811
28622 8712
26857 22637
27527 22491
29103 2540
30956 17409
22814 15479
9899 25285
9067 31063
7111 1879
14805 10705
26252 18124
20790 31310
14280 5223
7896 30905
24120 29463
20361 29225
5697 24640
29938 21440
480 23486
23844 4819
23780 12584
2164 24650
16731 26193
12681 11082
4170 29461
7091 14098
21153 9810
7038 18467
9837 23604
3464 11428
3152 27062
12175 9220
10542 24933
4046 27105
20522 5479
1674 26665
26833 31421
28136 21631
1428 20933
3073 15584
15996 14339
25400 18310
9241 1824
23756 10764
24252 9523
425 7124
19942 10816
13700 18342
15359 32510
10278 153
31307 22750
28936 15927
31003 14152
2337 9180
12352 17960
5884 5983
27589 18857
16653 10996
20702 30528
31301 24145
12059 24557
31972 31504
29153 20414
26511 4181
17947 18068
12450 20912
18477 28201
25543 23877
20009 12626
24008 11562
8774 22658
31393 14352
16782 20368
27098 1318
29398 30906
7443 14138
18931 12521
1249 21281
27435 26935
4056 17754
8938 31150
8169 27374
9654 4434
27119 8602
3173 26466
29572 9008
24718 4572
8985 12347
19773 9535
5702 19938
18411 404
12894 6927
17837 28847
9031 208
20651 31155
15496 16893
4564 3540
28836 11803
8912 29281
21159 31616
15414 3073
22014 3256
5120 28477
16523 9512
60 23102
761 20721
12804 31704
27469 1047
7343 11208
26046 13539
23881 30778
16327 30085
13889 11407
8570 20734
29538 13660
12567 28477
18948 1462
5341 17544
2436 25005
18208 20510
12273 12822
28828 11803
14088 17806
15625 155
11619 8891
24048 29730
28653 20437
12220 25404
6041 13157
13588 23904
28500 29261
23656 5402
1592 28425
17354 31082
12802 20020
28416 32359
5574 9294
9175 22823
225 12476
24762 13027
14896 18960
8578 5975
2943 24459
26256 8808
8516 13280
12825 12553
4750 13627
28610 6495
9528 5762
31341 11811
8802 3547
13394 4425
20257 23662
25937 6623
23926 876
21382 20791
27005 19024
18975 19272
22247 31333
618 24146
8874 29576
9010 32193
31991 32303
19020 15444
16237 32426
21613 14718
5004 28073
22335 32269
23916 14847
435 3081
16047 30629
22168 9695
17844 2
30061 4286
7437 26473
25971 22082
20276 27620
5895 18768
29305 16688
3887 21057
20799 24072
29043 17986
25192 11943
23534 19962
9742 20616
18852 8046
14964 15216
28438 3874
15676 31662
17684 15489
19674 24993
13779 23935
15944 19068
8255 28029
23291 26182
9618 17261
15127 7973
29990 21302
4063 1499
2695 7770
29295 26513
4557 6102
2733 28884
26153 32586
8829 477
24253 30553
31028 6165
23985 23379
27472 28888
21891 6161
16998 18809
14494 3105
16731 24711
1839 13092
16599 7247
28468 8307
28663 31394
13013 3337
3394 11737
18680 31901
11231 2837
27664 15886
22789 11724
2869 19204
13746 29825
20858 19157
22688 15058
14203 15525
3189 29880
21301 3282
15929 3851
23067 6543
12302 14660
2406 27342
17435 31879
26796 8548
29642 17377
6836 24935
18227 14798
12425 15323
24792 7934
13005 23438
29074 32344
21840 31041
10443 25152
2273 23304
29934 28437
24420 25332
10268 1790
30245 28910
21793 23271
23148 7142
30886 3270
7250 1582
17063 18211
978 20768
5160 28119
7203 29703
1316 19476
2373 31293
1735 25509
23515 27792
30173 16759
22328 27114
12681 31577
23996 13106
2618 15104
30561 11885
7387 31310
9873 9513
28234 21716
32571 16923
23308 4757
13349 4615
12095 20492
3716 3040
31439 26481
970 25649
30189 32569
23999 12219
2493 25052
10451 6495
20815 730
23730 12095
9937 21760
29466 2849
4355 21991
24809 23060
9451 29375
9595 1877
12233 10826
25650 3699
15693 4139
15446 14514
19976 5473
21280 18861
21025 14863
17425 24384
15433 3198
27528 2213
16624 6500
16276 22749
5561 12647
11015 30802
17708 10205
7884 31162
27308 28374
19834 30270
27304 13404
17704 13532
31509 25849
23428 24842
4123 14202
8223 5276
270 9715
18699 14567
31137 30723
19880 807
2902 16985
9147 4126
29497 32631
21184 25342
26574 9654
20866 19337
840 24203
25064 30583
7675 17160
24338 13080
11540 16806
12708 7482
31112 4417
24162 21069
17226 21860
25342 21189
9409 22471
21805 10432
19065 31510
30720 4329
21273 19188
15218 10908
27541 19776
23102 29515
31652 30871
2547 4384
30325 29722
29001 12515
9117 1137
22710 31519
29781 18960
18749 25728
14562 13496
3463 23936
19028 20545
18740 9538
31859 20120
6771 17342
27639 29444
31184 28447
31991 17069
19534 24681
7588 7774
23478 23391
8503 10634
10542 28068
18216 8845
19981 10528
17057 4149
24302 23973
22066 26753
1284 5587
22470 5288
16813 23353
12502 30301
4169 1468
11996 21074
23116 6717
14347 17403
29074 31862
14397 7828
1267 30757
23085 24421
17176 25965
24806 5445
8076 27769
13691 24925
28182 11362
31993 29998
18503 18771
19098 12758
29007 9707
16955 19598
11285 19426
16144 7288
14214 18416
21143 30104
25900 31978
12234 13599
32259 12847
22169 25328
27017 24898
5015 3165
19221 1720
10228 15409
2409 31317
11691 13300
29834 4722
3068 19050
32208 5793
4125 4957
13881 17812
32301 13468
1794 29243
11881 3140
22649 31789
2722 3134
6925 10057
32751 28425
26279 5789
14495 10682
9277 28295
12913 16193
30116 25113
1288 22765
20389 12226
27801 18483
31316 20779
27879 21931
27549 25184
8305 347
12320 1072
2025 6200
22079 15830
28137 17130
3956 8665
13026 29136
31720 14896
5461 19012
21570 32682
19013 31008
26045 24717
31212 3712
5246 6781
29869 18122
22564 27552
13386 25836
26272 24320
32087 485
327 14385
13550 30087
6181 16947
16037 15483
14229 1433
30397 32645
29711 10731
7324 8201
18496 1610
16765 28111
6496 9554
3943 27139
21952 16453
31835 15232
24994 30053
15826 14414
17998 15777
4199 10344
22370 25972
10192 9667
17002 3339
23314 15757
15536 29606
24821 14002
17238 4672
12470 8613
8609 18802
23293 5469
12696 9877
28430 15774
2766 1063
16451 7801
4988 2415
8122 12566
10194 19812
24139 15793
19343 8396
10941 5859
6608 17313
8249 6691
26405 2488
6398 6540
18922 12965
6487 4833
31957 30937
26314 22478
20427 7181
8083 2928
6904 27364
26193 6424
26654 4043
30206 2124
17965 9508
12836 21007
31509 21669
1870 7011
2008 1530
12221 30987
13027 24754
12381 8341
3230 9560
8696 10904
8770 8672
6824 19003
21227 17734
19346 7670
31470 5745
9937 32157
26988 4701
8625 27034
21543 13689
26398 32633
15765 13390
3676 6059
307 10082
10744 28803
31260 11868
17150 2693
30682 20072
5228 6624
30076 4061
6887 12601
18152 7966
19629 2474
12403 29886
3531 3083
7343 18663
13456 32624
25732 22012
12865 242
23939 11901
13326 10419
8822 10795
20549 28
19004 11885
5062 11625
212 22003
951 30824
14007 15257
26488 3197
23147 27790
28377 7146
20565 17845
2187 18509
7375 16459
31957 29802
29818 29131
8328 25387
9941 17166
13365 18405
5903 8887
17309 11229
14106 14030
6505 19723
14593 20907
6940 23070
27259 11798
8517 12224
28352 13996
8185 31514
19099 23685
13184 26011
30401 16659
25935 11765
27745 14157
15670 21097
24572 24589
29403 12357
7799 26039
21351 15531
16495 6940
12159 14995
10188 414
25974 4627
31641 31380
23489 11487
5651 10224
32683 31756
6399 16415
7242 2841
7233 22832
7601 17455
10923 28473
5223 18856
275 10742
3352 2255
17320 9652
4235 27110
7558 17261
24532 16750
32391 17461
16587 26274
27484 13268
28348 4933
5085 26293
864 28829
9118 3839
27660 30144
195 11521
16169 31502
27925 24275
1508 9983
15701 21306
20006 6175
6864 25549
6343 28758
819 6742
30719 9581
31393 9595
29213 15054
9219 158
31867 18571
13215 21249
8881 29602
28653 18990
11785 15232
13477 29590
24883 16579
11293 22904
7226 26948
13010 26372
31927 1365
6468 22465
20037 23111
14344 13868
24372 13872
2584 11682
3458 28906
16749 13183
8198 32351
2512 19336
16367 30212
28141 27526
9837 13220
4777 16948
21166 30047
15541 25947
23564 6898
21603 11068
13445 27193
23481 13102
28523 31986
2757 24968
24668 15299
1583 21185
9845 2687
25621 2518
30659 2469
29458 24044
16634 4393
30624 27447
28010 18551
21409 2842
27438 32694
19512 6032
16295 11849
25053 32202
16425 15004
28337 25626
17139 28445
32526 26383
23653 16520
6243 12770
31853 18792
25151 30224
67 7899
26027 1609
3158 25237
22205 6281
17030 13863
7274 29573
10387 29569
2716 2888
21205 20150
644 20766
10030 17664
27954 15025
19518 32004
17507 17522
6357 31831
7578 29498
6062 22080
27506 6449
29530 14272
26930 25072
24186 29903
25762 27106
19505 31465
23069 25840
3289 19657
5864 6237
8949 27509
21954 11246
25703 20602
2492 5711
15332 23929
19275 10418
7844 25826
7068 32185
2654 12288
29223 20374
8051 9782
18567 31089
11114 31112
6281 10249
14236 31836
131 32159
28720 1154
487 11536
30538 32627
3607 20545
30848 7126
21883 32191
4238 11337
3282 24999
23882 10077
7365 24004
18906 26850
28610 29944
27428 6246
20999 1501
134 22776
6141 6315
27847 9778
32456 17501
15182 630
31516 28431
1426 23159
27218 28075
19666 16891
22971 18116
7174 28128
22580 7362
1557 3933
1530 832
21576 29835
22208 17330
30975 4644
14847 21835
6819 23178
7566 3102
19163 1547
32370 17283
15875 12387
31735 1980
5850 28546
8448 728
6778 18320
22427 12504
24718 8239
15064 7953
21439 7936
15068 15057
5743 2920
18225 29509
8106 8084
29536 12954
9305 27322
18882 29283
8377 10402
16531 28475
5644 12902
1352 16299
20623 27766
4642 21070
18859 21982
16900 5938
31343 7372
22146 22658
12862 23628
9274 1634
17861 26455
22887 31259
10800 17676
4787 29816
20638 16957
12877 23408
21970 15405
11580 31492
23083 2200
17139 19819
5590 7924
21285 3693
32066 26359
17882 7693
2516 20569
14787 30314
31453 6107
27850 14567
8905 23944
4846 5770
5273 28731
3918 6050
17811 29281
17283 1709
30519 15360
26931 632
32118 7673
10723 31624
13599 27274
26893 8377
16026 26390
29811 32549
20696 2857
3762 22855
14474 12471
2074 31073
22417 6564
22973 794
14518 28297
30406 2156
2972 6838
18445 26045
7410 10611
1512 10572
7917 2188
25667 2511
22006 21516
17651 12379
32160 3912
25671 22915
31196 28447
13280 4548
10352 6529
22467 4385
26277 32302
31149 31242
8000 11456
26279 32642
29876 19436
10969 13953
23446 5637
8099 5783
14673 32449
8170 28115
23323 26176
22192 19427
22824 32074
23528 10364
14877 16089
5000 18685
27335 8919
735 10575
24077 28200
4137 27663
26915 17387
24673 5615
12289 23549
18262 6233
13844 703
32257 28502
26419 17946
4886 22191
11476 29632
18905 23122
25472 19636
23347 17910
17540 4620
19717 14338
6122 20214
21436 23467
17063 1017
29222 3677
1302 6013
19332 29789
32165 12174
23520 16556
17359 22749
2720 13358
12106 7943
19292 6155
8065 31258
16621 14166
22340 13654
5830 7149
16574 13104
1160 4768
11688 12957
12240 14997
26557 31116
24659 9194
9582 2228
14894 16797
14038 15505
29303 12969
32496 32681
12824 9842
3336 29204
6877 24675
27247 10811
8907 7894
28787 29408
14772 26932
14990 10847
27912 2397
2270 10035
32238 13386
9941 17851
7571 9713
10802 830
17346 13416
7728 18990
21430 7758
28413 21417
812 6247
10605 16965
14268 24198
25328 23053
20072 19376
24002 31175
374 15742
15713 14713
24699 18115
24388 21035
3769 30063
11210 13037
15274 12211
29553 26396
2525 27750
11336 12770
22529 19112
9127 764
8256 19653
30749 10432
25038 14940
28586 25438
18625 28096
32302 15718
2083 4254
4130 19850
6725 3040
28038 17830
23383 11986
18714 29437
12854 20867
20433 5061
15237 30319
19587 9703
11007 12122
13282 4864
22283 18815
11439 23979
8849 1258
26670 13314
14605 23331
24279 2914
20706 6412
17742 10607
26608 20492
19861 15960
11880 25197
2177 29789
5087 12035
31594 6286
10914 8207
15911 16597
21834 8546
13625 4918
29328 16838
15431 4694
31586 921
21707 4922
18230 8379
11530 16466
27294 17835
4937 19894
25628 2028
10558 17071
2872 7086
27589 31865
30161 3242
25300 20039
18353 32334
3505 25224
8292 14106
24418 16745
6985 31562
24422 8347
5609 31413
17058 24662
12424 22005
4254 22942
15610 32456
10481 25029
4024 30646
15610 10033
26419 14068
4561 19295
23912 12425
7805 24104
6069 19375
23144 7747
10475 18300
20496 8972
22948 21185
18430 21379
19159 23347
8188 20120
9897 22472
8835 10406
21382 4708
29299 8765
23921 13493
24326 15396
2456 7259
13319 19614
18476 14925
23103 31213
30831 376
23601 15893
13071 10409
8967 22498
3762 17324
32715 19756
4818 30646
21722 25178
19659 20224
29590 11045
15154 28597
604 6303
873 14862
32438 10355
9584 4539
12241 6510
8702 22150
7473 18750
18129 20531
23971 8058
5442 4522
21107 10723
30492 5976
8928 19946
13742 9426
3021 13170
26399 9659
22457 19670
17922 5609
4849 8238
10026 13507
20484 13774
448 2029
4216 20496
15762 28968
9659 20564
15278 23411
7772 27972
19760 17270
4987 7773
3160 7969
27263 24747
19424 26769
24327 14547
4236 20531
26914 5719
18690 23083
21442 31766
14300 27383
5998 4626
17404 1871
19768 1142
8991 19280
19951 21464
4789 23770
20885 31419
4849 23863
8979 3160
22556 7677
15404 12446
26158 7477
23984 8567
2719 3260
30706 3405
10363 26858
30587 717
2741 25202
18944 18922
12477 8073
12178 20005
18772 6219
11285 32268
20384 4698
11507 17409
32379 32712
14098 31805
3601 17719
12547 3093
28586 11070
7548 32379
31684 32527
23048 18887
18021 9815
13821 8888
3503 10854
30126 181
30389 32400
5603 14169
3213 1491
25478 18735
13735 7098
15263 22458
4956 9344
1923 21689
32714 26745
18759 22696
7648 16046
19579 17034
12213 19143
20245 1254
10014 21039
13996 17424
9343 27762
9703 10665
22497 4842
1588 4457
30789 21402
22973 29468
17720 11098
27032 11755
18088 19253
9277 6365
16118 19727
16446 31902
844 7050
30514 23166
11825 4395
27890 9404
24667 4793
5897 19461
964 10470
14437 17976
17664 23858
17747 29292
14029 24075
17322 32308
21484 11833
31557 12322
21295 25465
2743 15241
468 14440
13371 391
6161 30115
30442 25411
15344 30253
18481 2420
9821 19217
385 17699
7805 16968
22088 28081
16194 21724
26145 24603
15165 16462
16199 893
4787 20278
25936 30421
28658 5417
12312 19466
7653 8671
5883 29741
19687 28565
15431 16638
6613 4273
19696 8114
2919 24741
2182 28915
31168 15381
1381 8745
5187 1084
1324 27640
31145 29068
28016 23049
5712 31124
14513 14
15574 19495
29580 0
11495 11195
6707 17835
31827 9487
27163 7021
5732 27153
31732 31803
17774 21502
14814 18148
